,x,y,z
rec.autos,1.8640473,-6.6555657,0.883125
comp.graphics,-1.685291,3.2896922,-6.2500134
sci.med,-1.8415401,-10.286584,0.12937018
comp.graphics,1.5901064,1.6055033,-6.9839716
rec.autos,-8.810862,12.446347,0.32233885
comp.graphics,-8.136793,12.510044,-0.6659424
rec.sport.baseball,7.9146667,-8.433561,0.9868168
rec.autos,1.8663348,-4.6025896,-1.5407246
sci.med,2.000045,-2.8590324,5.6167254
talk.politics.mideast,-1.9532336,8.575245,-0.3190994
rec.sport.baseball,-2.9303958,-0.4234372,1.7114536
rec.sport.baseball,9.124944,-2.1171079,-0.4608508
rec.sport.baseball,7.1993985,-0.33132178,1.2735921
sci.med,-3.0989294,1.9216878,2.9560387
talk.politics.mideast,-8.151679,0.09696884,1.1651446
rec.autos,-0.10000747,-3.2828443,0.36507082
rec.autos,-2.0847163,-7.7812157,1.3433406
talk.politics.mideast,-8.586254,0.11519939,0.9987589
rec.autos,-0.6328974,3.1419892,0.39519364
rec.autos,0.8161863,2.5919101,-1.6070944
rec.autos,0.2755714,-4.2513385,1.2072208
comp.graphics,-7.1303024,-1.0157304,-1.5520701
rec.autos,0.3853182,-2.6025343,-1.3651402
comp.graphics,1.9459083,4.8814855,-7.0543623
talk.politics.mideast,-7.823563,0.4775179,0.19466932
comp.graphics,-1.0485072,-10.006174,-2.6229086
talk.politics.mideast,-5.0454555,-2.1676278,4.9547467
comp.graphics,4.343093,-8.982942,0.6939469
rec.sport.baseball,-2.0540464,5.111412,-2.6644447
sci.med,1.2766562,5.32497,3.8663523
comp.graphics,1.0218965,-0.61979157,-6.245214
rec.sport.baseball,7.570884,-6.8000216,2.3779721
sci.med,0.6415708,0.094251886,4.475336
talk.politics.mideast,-8.01314,0.26885742,1.6596578
rec.sport.baseball,2.1773012,7.440005,-0.40017027
comp.graphics,4.50049,-8.919498,1.0634545
sci.med,1.101849,4.9130635,4.7691426
rec.sport.baseball,-4.748495,12.856843,0.8282762
sci.med,-1.7754812,0.57205623,4.530229
comp.graphics,2.970992,-10.27852,-3.0409393
talk.politics.mideast,-4.0358195,4.593904,2.7992327
rec.autos,0.79648376,6.217682,-1.7853051
comp.graphics,0.10765675,6.4508505,-6.299788
talk.politics.mideast,-4.407608,5.280134,-0.27936903
rec.sport.baseball,-4.993897,1.5992211,-5.4630246
rec.sport.baseball,2.1937978,-11.161708,3.5199006
comp.graphics,-1.770711,5.074839,-6.0288486
sci.med,-8.014983,8.630547,-0.11036051
rec.sport.baseball,5.7923923,4.582248,-2.2631671
sci.med,1.6768615,0.060245607,6.3766227
sci.med,-1.0504184,12.364749,-1.9482095
rec.sport.baseball,2.849231,2.2861145,-3.385154
comp.graphics,0.95022815,3.4182382,-6.3317657
sci.med,-2.4803388,-3.6222742,5.1328287
comp.graphics,-7.445344,9.935293,-1.8370832
rec.autos,1.1645768,-4.021305,-2.564786
talk.politics.mideast,-3.5400753,1.6383121,-3.1707628
rec.autos,1.4847066,-1.8611933,-1.3542618
sci.med,0.23569945,1.5688546,5.1271505
rec.autos,3.1354113,-6.249885,-1.2640355
sci.med,0.03260761,4.896881,2.4091377
talk.politics.mideast,-3.9772654,-0.7648122,2.2538016
comp.graphics,-0.53004783,10.256625,-0.9740071
talk.politics.mideast,6.621416,-8.830063,4.3933215
talk.politics.mideast,6.3038583,-8.404496,4.748766
rec.sport.baseball,2.2662168,-8.065523,2.5314977
talk.politics.mideast,-6.8747315,3.9751976,-0.039518233
sci.med,-1.3324635,0.09224085,6.6732283
rec.sport.baseball,-2.1153905,5.5887284,-3.5214794
rec.sport.baseball,7.6060357,-8.873936,3.8110046
sci.med,-0.62397844,4.4851317,4.627613
sci.med,2.681739,-0.066195734,3.2885664
rec.sport.baseball,6.9406004,0.8141952,-2.2900748
rec.sport.baseball,0.78780323,7.6578665,0.5001799
rec.autos,0.3116721,5.9636116,-1.2559472
rec.sport.baseball,-5.1226926,12.108784,-4.0718265
rec.sport.baseball,4.7704434,-10.833879,0.73361254
talk.politics.mideast,-7.1794744,9.976238,1.7297109
sci.med,0.793908,0.5480597,7.432375
rec.autos,1.2799159,-0.6130559,-1.811408
comp.graphics,-2.501524,-10.769308,-1.3057226
rec.sport.baseball,5.7752013,-5.87872,2.6751828
comp.graphics,-1.8452228,-11.007182,-1.1519415
talk.politics.mideast,-5.3924265,8.133388,1.1002405
rec.sport.baseball,-4.022642,3.729865,-4.743379
talk.politics.mideast,-3.8496225,4.558134,2.8386416
talk.politics.mideast,7.4500513,-8.51927,4.029384
rec.sport.baseball,-2.4970791,3.1533737,-4.024446
sci.med,1.5208607,-7.270228,5.170562
comp.graphics,2.3803203,2.6038747,-3.7500122
sci.med,-0.446829,-0.9539288,4.2569094
sci.med,-2.4082494,-0.815256,5.2626653
talk.politics.mideast,-5.197903,-3.9231873,4.10937
rec.sport.baseball,7.4368057,2.0537415,-2.6483078
rec.sport.baseball,0.14636137,-12.4810095,2.6775064
rec.sport.baseball,7.744292,-1.4279301,-1.4439509
comp.graphics,1.0312805,-11.266074,-3.481653
sci.med,-0.8481414,-3.3851361,7.3266206
rec.sport.baseball,4.655766,-0.014887866,-2.4575334
talk.politics.mideast,-4.251217,1.1619425,-4.058036
sci.med,2.5630012,0.2225247,4.384339
rec.sport.baseball,0.89843136,-6.408863,7.360899
comp.graphics,2.5383651,5.1876383,-6.6271133
talk.politics.mideast,-8.737936,1.173505,1.9374574
comp.graphics,1.0682344,-9.409603,-0.12075481
sci.med,-1.0212413,13.056335,-1.1160955
talk.politics.mideast,-2.359713,5.2724404,-4.7663918
sci.med,0.70545864,-0.10009046,6.0894074
rec.autos,-3.9687972,-8.918036,-0.5134728
comp.graphics,1.6356281,-11.802495,-2.7402303
rec.autos,-4.2004547,9.527461,-3.3638659
sci.med,1.9480263,-5.5654473,6.0812
sci.med,-4.8069787,10.93338,-3.7623835
rec.autos,-0.64404565,11.793803,-0.6576217
rec.sport.baseball,-3.5558145,2.8281274,-4.2371373
talk.politics.mideast,-1.8041782,9.943173,-0.34728947
sci.med,1.9766593,0.58550507,7.0432043
rec.autos,2.8777132,-11.720094,3.7547553
rec.autos,1.0413609,-2.1795197,-4.036702
comp.graphics,3.1839514,-9.9308,-1.6525772
talk.politics.mideast,-2.5376456,4.6225424,-5.237518
talk.politics.mideast,-6.3273735,0.73786306,1.0612545
rec.sport.baseball,7.2010517,0.076878235,-3.1540306
sci.med,-7.01336,13.058714,-0.11644545
rec.sport.baseball,-2.9653642,6.623197,-6.692957
rec.autos,5.67394,-8.629259,5.4826097
sci.med,1.75711,-5.1686544,5.6864147
talk.politics.mideast,-6.995542,-0.62377125,2.0824125
sci.med,-4.215665,2.2537098,-3.665052
comp.graphics,-1.1496983,-11.36126,-3.4272773
talk.politics.mideast,-1.4630786,8.617674,1.2140335
talk.politics.mideast,-3.6676123,3.3315585,2.5563962
rec.sport.baseball,8.205631,2.5596776,0.6615062
comp.graphics,-2.6009495,-7.9908886,-4.3493433
sci.med,1.0694288,-0.56681067,3.501264
rec.autos,1.7543913,-2.4699152,-2.036404
comp.graphics,1.8331994,-10.712283,0.49092868
rec.autos,-2.014335,-2.8943446,-2.2243235
talk.politics.mideast,-4.153923,2.5667098,4.4682097
rec.sport.baseball,-7.15123,13.271834,0.8494944
rec.sport.baseball,6.5198464,-3.0225685,-0.033951934
rec.sport.baseball,6.3026323,-6.273306,1.8843864
rec.autos,2.087184,-4.4814124,1.3026277
comp.graphics,-6.871596,-1.381051,-1.6079137
talk.politics.mideast,-5.163094,2.7189555,1.2520483
talk.politics.mideast,-9.133072,-0.9865818,1.7692977
rec.autos,-0.8067858,0.58460444,-4.3888154
comp.graphics,0.9273371,4.5495534,-5.456158
comp.graphics,-1.4406312,6.4179616,-4.246996
talk.politics.mideast,-7.305589,14.450795,1.2460206
comp.graphics,0.62095696,6.94332,-5.459312
rec.sport.baseball,6.6930757,0.31399903,0.06322354
rec.autos,2.8434966,-4.942547,0.5642485
rec.autos,0.91938335,-8.905814,1.4975499
rec.autos,2.2157116,6.278901,-2.8017697
rec.autos,0.26584643,8.285371,-2.973792
sci.med,-0.9727359,-1.9457937,6.6412416
rec.autos,2.0040789,1.397075,1.2381816
sci.med,-0.29029855,-6.809448,0.7861348
rec.autos,-0.13399321,-1.4312425,0.8309075
rec.sport.baseball,4.594229,-9.659636,3.1984718
sci.med,-3.6192954,-5.9041862,0.90520376
rec.autos,2.7421157,-8.518028,1.1618574
sci.med,-4.3344636,3.6810734,-5.8654857
comp.graphics,-1.1094363,6.911998,-3.6902585
comp.graphics,1.1053054,-13.4666195,-0.49831852
talk.politics.mideast,-1.5306087,7.038448,0.7090824
sci.med,1.6525344,1.0928141,4.7721434
rec.sport.baseball,6.6790524,-7.0344887,1.0681641
comp.graphics,2.4738872,-13.481029,-2.0662742
talk.politics.mideast,-8.22808,0.04129502,2.1268306
rec.autos,-0.8626328,-1.7645855,-2.7587798
comp.graphics,-0.89127666,7.849304,-5.0039186
comp.graphics,0.469839,-10.411662,0.2636241
sci.med,-1.2881811,5.6740932,2.9385154
rec.sport.baseball,-1.3844509,6.423527,-1.9163336
rec.sport.baseball,-5.107067,12.976731,0.8041278
rec.sport.baseball,-8.327314,12.2659445,1.2698578
rec.sport.baseball,8.4981165,-4.5288467,0.5370675
rec.sport.baseball,-1.2257471,11.441765,-1.31454
talk.politics.mideast,-7.1759186,8.87455,1.7564924
rec.autos,-7.5073614,3.6245463,-4.1029816
rec.autos,0.9810379,2.168802,-1.0803715
talk.politics.mideast,-3.9811146,-1.1910162,1.971118
talk.politics.mideast,-3.7578843,3.2551363,2.9678664
comp.graphics,0.70441264,-13.598631,-1.1142877
rec.autos,1.7347313,-4.5730057,-1.9139484
comp.graphics,-8.235895,11.996362,0.6505836
sci.med,1.6861767,2.999766,2.9400136
comp.graphics,-0.16503797,-9.097193,-4.617503
comp.graphics,-1.8516761,-10.164185,-3.5399923
rec.sport.baseball,5.065075,-7.8277783,2.1621165
rec.autos,-1.4648314,0.33260077,-4.0294185
comp.graphics,-6.7605968,10.788524,-0.4651115
rec.sport.baseball,5.5202,1.8506652,1.2285261
sci.med,0.059790127,2.4007494,4.0482225
rec.autos,2.0700002,-3.9841893,0.25729492
rec.sport.baseball,0.27816227,8.383923,-0.38984826
comp.graphics,2.5500953,-11.870791,-3.1132812
talk.politics.mideast,-8.898598,-2.1902115,2.5151176
sci.med,-7.0822825,15.045546,0.7574838
rec.sport.baseball,5.391622,2.54313,-1.1850499
rec.autos,-3.6513543,2.6687224,-5.1331377
rec.autos,-1.1219901,8.048487,-0.74673784
rec.autos,0.024863213,5.1112556,0.73332113
talk.politics.mideast,-8.3274555,2.9033277,2.713813
rec.sport.baseball,5.086796,3.1816084,0.45422268
rec.autos,1.6807342,7.137815,-3.1972854
sci.med,-7.534962,12.839735,-0.23074847
comp.graphics,-0.15261903,-12.060102,-1.3466511
rec.sport.baseball,-6.616096,10.132019,0.008424002
comp.graphics,-0.61979073,-6.574877,2.4843621
rec.sport.baseball,5.8057747,0.5004771,-4.925306
talk.politics.mideast,-9.795113,0.653903,1.388776
sci.med,1.2939036,-1.8632379,5.6709614
rec.autos,0.6445301,-2.2871006,-1.9851158
rec.autos,7.8980327,-9.771627,6.077893
rec.autos,0.93356067,5.9680676,-2.7862537
sci.med,-4.0810876,3.9339125,-4.970555
sci.med,0.10316407,0.9640644,5.042485
rec.autos,0.7955335,5.2714424,-0.3837972
talk.politics.mideast,-4.5909996,1.1994239,1.186481
talk.politics.mideast,-8.470181,0.6964845,1.5941885
comp.graphics,2.5192401,-10.134862,-0.08148329
sci.med,-0.61818975,2.3247309,6.5647902
sci.med,1.6453636,-7.9979277,2.3634763
talk.politics.mideast,-1.9821726,5.4764533,-0.14882782
talk.politics.mideast,-2.3288667,4.6717215,0.27408955
sci.med,-2.456378,1.764915,4.726503
sci.med,-7.7376056,12.185978,-0.042648327
rec.autos,-0.08860395,-2.2824965,-3.2276266
rec.autos,0.60499054,-3.620779,-2.1493344
talk.politics.mideast,-2.1922803,4.4381585,0.20503803
comp.graphics,-2.367753,-9.84227,-4.6219587
talk.politics.mideast,-5.1948833,0.09767621,4.5109334
talk.politics.mideast,-3.114647,6.196078,0.45694783
talk.politics.mideast,-8.025302,0.7989122,0.40812308
talk.politics.mideast,-5.1154656,0.66135067,2.4917793
rec.autos,-0.45349118,-0.10354797,-3.8938196
talk.politics.mideast,-5.4421067,0.34749466,1.6890333
rec.autos,-0.037288364,-0.87751085,-2.8220403
talk.politics.mideast,-7.4571357,13.403866,1.694391
rec.sport.baseball,0.39214337,8.0408535,-0.43104133
rec.autos,1.4123008,-2.8737583,0.39215448
talk.politics.mideast,-8.233223,-0.02180341,1.1992638
rec.sport.baseball,3.5059664,-7.0105667,3.489789
talk.politics.mideast,4.1824737,-11.235266,1.5753983
talk.politics.mideast,-4.6250925,2.1737301,-2.271079
sci.med,1.85011,-3.0992568,3.0272698
rec.sport.baseball,7.147219,-4.8729253,2.1678548
rec.sport.baseball,5.275217,0.67609245,-1.6779548
sci.med,-1.7122679,-2.9193938,2.4500983
rec.autos,-0.99203855,-2.3518226,-3.0107288
rec.autos,-1.1150149,11.699995,-1.376008
rec.sport.baseball,7.7873387,-3.116666,0.079360455
rec.sport.baseball,6.449486,1.3816366,-1.123037
sci.med,-0.41484478,4.0802636,3.5332437
rec.autos,2.563862,-4.9154186,0.25524122
talk.politics.mideast,-3.9911108,8.163079,-0.3408082
rec.sport.baseball,6.4245152,1.5860455,-3.713626
talk.politics.mideast,-5.0733438,2.3920996,1.3927377
sci.med,-6.873778,12.653628,0.73960704
rec.autos,0.71059835,6.805463,-2.94247
comp.graphics,-8.1733675,12.490792,-0.105153784
rec.autos,2.3448777,0.7095599,1.121409
comp.graphics,0.9731902,2.4318023,-4.50662
rec.autos,-3.6336339,0.6405309,0.376308
sci.med,-0.6757412,-1.9433569,6.2415805
sci.med,-1.2358953,-0.2418019,4.437663
rec.autos,-0.92410016,2.593894,0.24403563
rec.sport.baseball,6.0086823,1.4536613,1.1854365
comp.graphics,0.12795109,3.6951416,-7.0500164
rec.autos,3.5472383,-5.8094206,1.2172947
talk.politics.mideast,-9.93119,1.058468,1.3275477
comp.graphics,-7.375855,9.918972,-1.5950437
talk.politics.mideast,-2.9955354,10.767858,-0.64184487
rec.autos,-1.9718312,10.8937025,2.9748716
talk.politics.mideast,-7.011039,1.2114501,0.4162345
rec.autos,4.1141872,-6.647006,-1.1186908
rec.autos,3.9640524,-10.464458,1.3283396
rec.sport.baseball,5.977818,4.319363,-0.46769193
comp.graphics,0.13129199,-11.816961,-1.7703967
talk.politics.mideast,-4.159,1.9251766,2.8446438
sci.med,2.356609,-4.988388,6.3564544
sci.med,0.35620806,-1.966464,5.9318147
sci.med,0.049502667,3.9299562,2.840734
comp.graphics,-1.0111284,-2.3428354,-2.6065161
rec.autos,1.0914788,-4.8206577,1.9823575
rec.autos,1.2711647,-2.8308065,0.104217686
talk.politics.mideast,-8.495794,0.2637516,2.9069812
comp.graphics,-1.0643831,-11.760019,-3.4896383
rec.sport.baseball,3.0677955,1.8212692,-0.35975277
rec.autos,-0.99672276,12.23844,-0.93538994
sci.med,0.5445118,-0.67074776,2.5516894
rec.autos,3.9604821,-7.3221817,0.09005552
rec.autos,1.4773605,-6.2811046,-0.6053548
comp.graphics,0.80743206,-9.631436,-0.9697413
sci.med,2.372095,2.7538273,4.42464
rec.autos,2.1008158,-2.3684058,-2.6863885
rec.autos,1.9529941,-0.7399543,1.1534463
talk.politics.mideast,-6.0080442,2.0666301,2.9346128
comp.graphics,-1.8630972,-10.802019,-3.5161185
rec.sport.baseball,-3.2155578,5.0256343,-2.995254
rec.autos,1.9998047,1.535157,1.263909
talk.politics.mideast,-6.239049,-4.540326,1.3474478
comp.graphics,-6.7267685,10.308292,-1.4186302
rec.autos,1.4037269,3.8719032,-0.37517256
comp.graphics,-2.0650206,5.0780177,-6.1620245
rec.autos,2.4481494,-8.506677,2.4789715
rec.sport.baseball,-1.677935,12.100113,0.55703056
talk.politics.mideast,-4.7010446,-1.1135837,4.1886806
sci.med,-1.2996957,-1.1418309,5.73279
sci.med,-0.12156411,-3.0159402,6.841441
rec.autos,-4.9961877,-3.0367362,-3.1140819
sci.med,-0.810728,-0.66215295,3.002265
rec.autos,2.9432254,-4.8118753,2.256152
rec.autos,1.191109,-1.3007534,-0.9205588
rec.autos,2.7684777,-8.406883,2.4868302
sci.med,2.3120043,1.8831931,6.1362453
rec.sport.baseball,6.799558,-0.57131475,-0.70305485
comp.graphics,-0.59337515,-9.574402,-3.9756231
comp.graphics,0.050828274,5.9191008,-5.6351614
talk.politics.mideast,-4.301321,5.278541,-4.9825816
rec.sport.baseball,-5.7338414,9.8783655,-3.0686898
talk.politics.mideast,-3.65104,6.9067054,0.09552465
rec.autos,1.5781672,4.951372,-2.7145207
sci.med,1.6648525,1.5973293,4.1892505
comp.graphics,1.4880134,2.78275,-7.7609887
talk.politics.mideast,-7.340323,14.310629,1.3137112
sci.med,-7.6268473,12.43812,0.101043314
talk.politics.mideast,-3.1167967,5.0236573,0.8769222
talk.politics.mideast,4.4098816,-11.212154,1.8329
sci.med,-7.0183463,-1.3133913,-1.578873
rec.sport.baseball,8.876679,-1.6687025,0.34431398
sci.med,3.3477228,-5.4982333,6.6576724
rec.autos,-1.4612303,-2.8007562,-1.5474058
rec.sport.baseball,7.4276485,-2.3871748,-0.6486568
sci.med,-7.5357795,10.563528,-0.2666449
talk.politics.mideast,-5.4683332,-3.9013047,4.2512374
talk.politics.mideast,-1.7939214,11.108983,-0.7994605
comp.graphics,1.4701693,-10.696474,0.31392995
sci.med,-6.749779,10.979629,-0.13724527
comp.graphics,-4.0593925,1.7449707,-5.4978504
comp.graphics,0.004039754,-8.837046,-0.8866146
talk.politics.mideast,-1.7570441,9.207507,-1.0333607
comp.graphics,3.7309456,-10.366817,-2.5741918
talk.politics.mideast,-4.4964514,3.6205602,0.43591243
rec.autos,0.2035368,5.2606807,-3.1118155
sci.med,2.9864962,-3.7468083,5.371189
rec.sport.baseball,6.5463057,2.4670172,-1.5885621
rec.sport.baseball,7.742386,1.0320299,1.8912233
comp.graphics,-1.2907791,11.404143,-5.558104
rec.autos,0.38470748,6.5354404,-2.7537353
talk.politics.mideast,-8.222864,-0.20279862,1.1600975
sci.med,-0.52254826,3.7928102,3.6977944
talk.politics.mideast,-2.330826,1.2146541,0.70592767
sci.med,-2.5227282,-2.4664216,6.5581527
sci.med,1.0537193,3.0479205,4.04811
talk.politics.mideast,-8.073754,-0.06376396,1.6439215
sci.med,-0.100591585,4.762562,2.7848163
sci.med,1.429779,-0.096965864,6.5934167
rec.autos,0.8545955,-2.1991658,-3.7890437
rec.sport.baseball,5.713563,-7.414768,2.0504243
comp.graphics,-1.7696532,-10.482811,-1.7523499
talk.politics.mideast,-9.649814,-1.4032071,1.63651
sci.med,1.7470056,-9.073566,3.677993
sci.med,2.7225568,-6.110133,8.081453
sci.med,2.9341795,-5.262386,5.838997
sci.med,3.9643073,-1.3537375,-1.1502715
rec.autos,0.57777566,4.518306,-1.6062827
talk.politics.mideast,-6.000741,-3.875286,0.97075933
rec.sport.baseball,8.580363,-5.180068,1.0145332
rec.sport.baseball,6.5989494,0.18123262,-4.0123096
comp.graphics,1.6026719,-13.910778,-1.0166445
rec.sport.baseball,0.47161904,-0.70726806,-0.71459734
sci.med,0.46795177,0.5910011,5.544276
comp.graphics,1.8855271,-12.397639,-2.6159866
comp.graphics,-6.563958,14.846502,0.19118994
rec.autos,-1.2888647,7.6156154,-0.11670255
comp.graphics,0.3549125,-8.257115,4.2256994
talk.politics.mideast,-2.7489789,5.562784,-0.022749579
rec.sport.baseball,6.5999956,2.116077,1.2104218
rec.sport.baseball,0.21659616,7.8944235,-0.6604326
rec.autos,1.8605328,-14.280111,-1.4830052
rec.autos,0.89076966,-3.6305509,-0.78255635
comp.graphics,-0.8267905,-11.451206,-4.025803
talk.politics.mideast,5.765627,-8.907982,2.7086031
talk.politics.mideast,-5.9051065,-4.2191186,3.6430824
rec.autos,2.5052116,-2.5058138,-2.871289
talk.politics.mideast,-8.112158,-0.30837655,1.0372763
talk.politics.mideast,-3.5435917,5.363085,0.9410992
sci.med,2.2100847,-7.237623,5.7981544
talk.politics.mideast,-3.0336967,6.137947,0.5812684
rec.sport.baseball,7.441225,-4.3236985,0.34079778
rec.sport.baseball,-1.5449138,10.215973,-1.6463027
sci.med,0.5698857,-7.4337206,6.5743923
rec.sport.baseball,7.0718656,-1.7259294,-0.27638355
comp.graphics,1.1582534,-11.240604,-1.6060848
rec.sport.baseball,4.4307942,0.09305267,-1.4972873
rec.autos,-5.143141,12.224942,-4.0872364
talk.politics.mideast,-2.442077,7.356062,-1.1516144
talk.politics.mideast,-7.4579816,-0.19021817,0.7312472
comp.graphics,3.967882,-11.0210495,-0.07020891
rec.sport.baseball,7.215111,-1.5452731,0.6122913
sci.med,-8.195379,8.647136,-0.62942815
rec.sport.baseball,8.2758665,-4.764791,0.770652
comp.graphics,-1.0917715,-10.763107,-0.5111499
sci.med,0.34253863,-0.39856628,4.965849
rec.autos,1.0287385,-7.0781336,0.19266243
talk.politics.mideast,-4.7181478,-5.0624866,4.886797
rec.autos,2.0368588,1.2050819,1.3598703
rec.sport.baseball,6.003143,2.4072645,1.311863
rec.sport.baseball,6.263014,2.0467374,-3.3224041
rec.autos,2.3333907,-5.3826094,-0.69685245
rec.autos,1.8930795,-1.1248215,1.3333402
comp.graphics,-0.17640308,10.038725,-2.0227854
rec.autos,2.242407,0.668373,1.1403794
comp.graphics,0.0520482,-8.72149,-4.8379836
sci.med,4.060714,-6.389141,6.532099
rec.sport.baseball,7.146147,3.4195652,-1.6982126
rec.sport.baseball,-1.9020855,10.841939,3.1196256
sci.med,1.7323623,-8.644466,2.6779015
rec.sport.baseball,-5.1405573,10.779571,0.65087944
rec.autos,3.8776255,-7.614614,-0.62697333
comp.graphics,0.6701057,5.3702984,-7.88379
rec.sport.baseball,5.4786797,0.35317558,-3.4353588
rec.autos,2.2475488,-2.2542446,-2.8226237
comp.graphics,-0.28240636,6.6888094,-6.7404766
sci.med,0.01543716,-1.3774623,5.5188885
rec.autos,0.04859236,5.1328664,0.3122675
comp.graphics,0.41479582,4.5387597,-7.0675163
sci.med,1.1646338,0.53154707,4.3849683
rec.sport.baseball,6.124313,3.3173258,-0.9762256
sci.med,-1.1816201,-3.8963585,7.208134
talk.politics.mideast,-9.173963,-1.3707756,1.9370874
rec.autos,0.22573309,-1.3356671,-0.24620882
talk.politics.mideast,-5.4131227,1.9338188,-0.041793708
rec.sport.baseball,-0.44067487,7.623229,-0.5377121
sci.med,-6.9904,13.928627,-0.028600557
rec.sport.baseball,8.2920475,1.5683022,-0.84488857
comp.graphics,-3.2263756,0.63957494,4.696465
sci.med,-0.25866553,-1.8915025,6.3970633
talk.politics.mideast,-4.0900607,6.2762585,1.3280075
comp.graphics,-2.075704,-11.920155,-2.6746268
comp.graphics,-1.8425081,-12.405063,0.35647246
talk.politics.mideast,-2.9544206,-4.904199,4.107184
sci.med,-0.44243303,4.965931,4.6837397
rec.sport.baseball,8.261136,-2.672849,-0.46455666
rec.autos,1.0828884,4.638984,-3.0138457
talk.politics.mideast,-2.8460047,0.8043925,-3.9156356
sci.med,0.2240109,-0.12980483,4.627431
comp.graphics,2.2900863,-9.511556,-1.7490721
rec.sport.baseball,7.114455,0.30303892,-0.9440283
comp.graphics,-2.3805947,-8.189628,-3.892541
rec.sport.baseball,5.2217956,2.176033,-1.3989732
comp.graphics,-1.1089275,-12.468949,-2.274855
sci.med,-0.69687206,-1.7847885,4.7642074
rec.autos,-0.10231159,11.614328,-1.1258235
sci.med,2.9273784,1.8489352,4.603339
talk.politics.mideast,5.618783,-7.1408234,3.137547
rec.sport.baseball,6.9602995,0.2773049,-1.3706349
rec.autos,4.262271,-11.823694,0.21992037
comp.graphics,2.1491852,-12.893806,-1.5165099
rec.autos,1.2212876,-4.9066706,2.0499322
comp.graphics,0.039320704,-12.442592,-0.80311304
rec.autos,3.8849556,-6.44813,0.9145423
talk.politics.mideast,-7.825095,2.8777766,1.009493
rec.sport.baseball,6.4855065,-3.0660462,0.94446677
sci.med,1.0612617,-0.5471168,3.5215714
rec.autos,0.7311459,-1.1185821,-0.4831003
rec.autos,-3.698108,2.5505922,-5.1534553
rec.sport.baseball,6.038296,4.2941246,-3.2091894
rec.sport.baseball,10.257897,-3.2494042,2.0955656
comp.graphics,1.3684295,-11.6722765,-2.7110202
rec.sport.baseball,3.808913,2.340906,-1.4110609
sci.med,0.99191993,-7.6628,2.268155
comp.graphics,-1.1744336,-7.513446,-1.228093
sci.med,-1.6363668,-4.2658544,4.634218
rec.autos,-2.480879,1.6055729,-2.6260085
rec.sport.baseball,2.5162303,0.8156032,-2.8427112
rec.autos,1.4336734,-3.3233764,0.4161381
rec.autos,-3.1494672,-4.0159163,-0.4846905
rec.sport.baseball,5.427606,1.711758,-1.8959926
rec.sport.baseball,5.12051,2.9475586,0.9912083
talk.politics.mideast,-5.754451,-1.0221914,4.3294477
sci.med,0.24582975,-0.0152746895,2.1521628
comp.graphics,3.875161,-10.115424,0.76749057
talk.politics.mideast,-6.245639,1.1403083,3.0292652
sci.med,0.2761057,3.2992449,5.0198336
sci.med,0.22574325,0.47902384,6.3769383
sci.med,1.9047927,-6.1900687,7.4314528
rec.sport.baseball,8.22146,1.7195506,-1.6798317
rec.autos,3.6971686,-9.249959,0.66403955
talk.politics.mideast,-3.0967643,1.1204904,2.6285872
talk.politics.mideast,-3.4241989,-3.3730667,5.3108807
comp.graphics,-1.4932112,-9.418771,-2.0013075
talk.politics.mideast,-5.8112793,2.2242918,2.1847496
rec.autos,1.478658,7.5659146,-4.371645
talk.politics.mideast,-2.754156,6.813036,-0.2027128
sci.med,0.7278706,-2.8435585,6.824534
comp.graphics,3.17216,-12.0822315,-1.5302787
comp.graphics,-2.413252,-8.155262,-0.9446092
rec.sport.baseball,6.943756,0.23411217,-3.4969056
talk.politics.mideast,-6.214206,1.3808713,0.29676008
rec.sport.baseball,-2.9748542,6.6390824,-6.733117
rec.sport.baseball,10.232907,-3.1981125,2.0532777
rec.sport.baseball,5.2206316,-0.4410508,-0.779905
sci.med,0.38252333,3.3412912,2.9926167
rec.sport.baseball,5.1971693,4.890476,0.014306302
talk.politics.mideast,-2.4717863,5.105632,0.66207004
rec.sport.baseball,7.675808,1.892169,-2.984211
rec.autos,0.93783206,-4.9299574,-0.13652854
talk.politics.mideast,-4.0316973,3.3708832,1.7158569
rec.sport.baseball,4.7967668,0.55974174,-3.6759882
rec.autos,-7.3142877,10.098667,-1.2036066
talk.politics.mideast,-2.9575098,1.4843105,-0.8073297
rec.autos,-4.0193305,9.967548,-3.2243183
rec.sport.baseball,-4.892082,2.9034753,-4.6407986
rec.autos,1.336252,-7.173862,0.5557615
rec.sport.baseball,5.6150126,-1.4768474,-4.054232
rec.sport.baseball,6.8958817,2.3462374,-0.027770307
sci.med,0.245957,-3.1340168,7.0147033
sci.med,0.86875397,-5.7237144,5.774905
rec.sport.baseball,5.8129,-8.843806,1.1955402
talk.politics.mideast,-6.0469546,-0.24555956,4.0123973
rec.sport.baseball,9.455308,-4.935245,0.8403965
rec.sport.baseball,1.6128914,-10.299535,2.4827404
rec.autos,-2.1109452,2.1081433,-4.0984735
sci.med,-1.7276117,-1.9302738,3.884739
talk.politics.mideast,-7.1463532,-1.6126443,3.5734954
comp.graphics,0.5268682,-13.243082,-1.99528
talk.politics.mideast,-6.417167,1.6689131,0.9066518
rec.sport.baseball,-2.9789295,3.5871105,-2.7108636
rec.sport.baseball,6.626625,-0.5558075,-0.8135133
rec.autos,3.5594037,-7.3116884,1.8565965
rec.autos,-1.1460239,0.88664865,-3.4994013
sci.med,-1.2204245,0.8670171,2.6273797
rec.sport.baseball,-1.3863518,9.722112,-2.3442862
talk.politics.mideast,-5.1842575,1.101713,3.7848446
sci.med,1.525583,2.4720888,6.5420527
comp.graphics,0.9088347,-10.941916,-1.7906089
rec.autos,0.108536765,-0.52031344,0.17277627
rec.autos,0.53135943,-3.1842976,-0.28658977
rec.sport.baseball,7.4105735,1.721219,-2.4279668
rec.autos,0.61523235,-7.8343887,1.1362123
comp.graphics,-1.1524497,4.3033233,-8.764893
talk.politics.mideast,-3.804007,-5.879047,0.14714587
sci.med,-7.345286,12.775894,0.2733479
comp.graphics,-4.5153627,11.375646,-2.5834727
comp.graphics,-0.2954169,-8.661222,2.1925275
sci.med,0.15066126,4.0956497,2.7468314
rec.autos,-2.7751877,-0.14345828,-4.824684
rec.autos,-3.0587792,6.860298,-3.5788488
rec.sport.baseball,8.722485,-1.3225292,-0.86208004
rec.sport.baseball,5.8266873,-5.9802904,2.4300368
talk.politics.mideast,-3.5191264,2.861942,1.6802547
sci.med,2.401057,-5.1535826,7.642984
sci.med,-1.6170584,-2.6221762,7.8050184
comp.graphics,0.41916806,5.874538,-6.4131765
rec.autos,1.2450113,4.460216,-1.3227615
talk.politics.mideast,-4.4905496,2.5048256,1.6000245
talk.politics.mideast,-7.302789,1.0413826,1.1560006
sci.med,-7.174482,13.199966,0.26830077
talk.politics.mideast,-3.2029824,11.637647,-0.5765163
talk.politics.mideast,-7.0945864,4.290228,0.8918958
rec.sport.baseball,4.7808566,-3.5925314,0.046567354
rec.sport.baseball,3.6898334,1.1864899,-3.6648371
comp.graphics,0.9516946,7.0705366,-6.661538
rec.sport.baseball,4.7967734,-1.1080844,-3.6361232
comp.graphics,3.7513382,5.367292,-7.41388
sci.med,0.66279507,4.3159003,3.897281
sci.med,-1.5105094,1.8137828,3.3320594
rec.autos,5.0314546,-6.4026866,4.279546
talk.politics.mideast,-9.365914,-0.95752764,2.2358563
comp.graphics,-1.054478,-11.496062,-1.2136575
talk.politics.mideast,-1.8023612,11.554094,-0.613092
talk.politics.mideast,-5.0636654,-2.6730182,4.8146615
rec.sport.baseball,5.6403513,-3.3492322,-1.3697469
comp.graphics,-0.72759885,-10.042295,-5.2553477
rec.autos,-0.614943,0.31150746,-3.5645502
rec.sport.baseball,6.106791,4.340938,-0.33034554
talk.politics.mideast,4.606747,-10.768661,2.7546997
sci.med,2.6327627,-0.9767583,4.5737777
rec.sport.baseball,2.6943378,-6.648576,7.696314
rec.sport.baseball,5.4290366,2.1731305,-1.0525957
rec.autos,-6.3471203,-2.2635374,-2.0056255
sci.med,2.233739,-1.0797851,2.6038146
rec.autos,0.9162943,-4.3901796,-0.58335
sci.med,0.20210312,-0.025736118,6.12032
rec.sport.baseball,5.0072975,-2.9554877,0.55287105
rec.sport.baseball,7.0094113,-5.4802194,0.4767904
sci.med,1.7763826,0.6687459,3.3240323
rec.sport.baseball,7.386449,-1.7332803,-0.3767451
comp.graphics,1.0390738,-9.366406,-0.35276031
comp.graphics,-2.35009,5.020978,-5.9525986
rec.autos,5.055889,-6.1663113,4.617456
rec.autos,0.5284256,-1.899042,-4.28164
rec.autos,-0.16133139,-1.7494003,-2.7181401
rec.sport.baseball,4.499089,0.7152594,-3.6919687
talk.politics.mideast,-5.81279,5.100035,2.2516737
sci.med,-1.1449988,-1.2238148,7.4105387
comp.graphics,-2.4806054,4.820699,-6.795444
sci.med,-0.6450643,-1.8759029,7.1418705
rec.autos,2.0665002,-7.6695533,0.37498257
comp.graphics,0.10222424,-12.797597,-0.30233693
talk.politics.mideast,-1.8215852,8.49869,-0.07033412
rec.autos,2.0964398,3.5686145,-0.85162574
sci.med,5.5442195,-8.021932,1.1178447
sci.med,-8.101476,8.683136,-0.34342864
rec.autos,1.4939866,-4.2528653,2.2165298
comp.graphics,0.06684118,-10.659209,-4.0279884
rec.autos,7.8980327,-9.771627,6.077893
rec.autos,0.54352415,-3.5801458,-4.355476
sci.med,-1.3614248,9.435937,-0.314362
talk.politics.mideast,-7.530573,0.06988559,1.7107006
rec.autos,-1.6077332,-6.4765615,0.6770597
rec.sport.baseball,7.136888,-0.16133177,-1.095126
talk.politics.mideast,-7.5920525,7.957971,1.7746177
talk.politics.mideast,-7.1023836,8.943743,1.8759501
rec.autos,1.304707,-1.5994803,-1.0306566
rec.sport.baseball,0.5781454,7.8277225,-0.04327995
rec.autos,2.204317,-8.299783,1.3990345
talk.politics.mideast,-5.953867,7.8856254,1.2887267
comp.graphics,7.5068297,-9.596474,5.4206424
comp.graphics,0.92887694,-11.289756,2.05261
comp.graphics,-3.2074032,3.3718512,-6.913558
rec.autos,0.17858566,10.259225,-1.3769155
talk.politics.mideast,-5.042704,11.329347,-0.6630131
comp.graphics,3.1018424,7.3518076,-6.9071217
rec.sport.baseball,8.444867,2.523728,0.40897214
rec.autos,1.5834401,-1.4307934,-0.44084346
comp.graphics,1.300933,4.748974,-6.972538
sci.med,-0.36071742,3.212626,3.0269058
rec.sport.baseball,7.05163,-4.041637,1.1138419
comp.graphics,2.3179598,-10.738726,-0.5748614
rec.sport.baseball,0.55798024,6.79927,-0.11817994
rec.autos,4.0285006,5.792656,3.2799523
sci.med,1.9140486,2.0789754,-5.73176
rec.autos,0.5594443,-1.8101916,-3.0215368
sci.med,-1.5488646,-3.0543468,2.7764134
comp.graphics,-1.468905,-11.688179,-2.2408738
rec.sport.baseball,5.0568595,2.7490535,-0.33866817
rec.autos,4.258653,-7.3598237,-0.08544875
comp.graphics,1.9808066,-11.920803,0.74546087
rec.sport.baseball,2.030105,-0.95139265,-2.6921341
rec.autos,-0.065264024,5.9292583,-2.489472
rec.sport.baseball,7.4324536,0.86466724,-1.0370702
rec.sport.baseball,4.9644184,2.5672035,-2.397182
talk.politics.mideast,-4.7129364,1.8650757,3.3249207
rec.autos,-8.289826,12.434378,0.3368365
talk.politics.mideast,7.764159,-8.16938,2.9464004
comp.graphics,1.6437494,-10.017518,0.61301583
comp.graphics,0.8686863,5.5699778,-7.2407713
talk.politics.mideast,-4.311255,2.620704,-0.05501935
talk.politics.mideast,-3.0350797,5.016441,1.1926028
sci.med,1.7730105,-0.3042851,6.1209874
comp.graphics,0.8044515,3.882164,-5.638272
rec.autos,1.5490602,5.025795,-2.6413276
rec.autos,1.504023,-5.082118,3.4467132
talk.politics.mideast,-4.664716,2.7289178,1.5150287
rec.autos,1.3338672,-1.3240263,0.009368182
sci.med,-1.9394535,3.7995489,1.4099152
comp.graphics,1.5845512,-11.170338,-2.9915955
rec.sport.baseball,5.4219775,-3.469728,-1.2549897
talk.politics.mideast,-4.6462073,4.636548,0.5470931
talk.politics.mideast,-1.2639554,7.3362274,-0.028439224
sci.med,0.100008525,-3.0034046,6.428083
comp.graphics,-1.0438467,-10.400861,-4.7745247
rec.autos,0.60445535,-3.6908205,-4.0161357
comp.graphics,1.1538291,-11.875067,-1.3067464
comp.graphics,-2.4107277,-9.139318,-2.1367419
comp.graphics,2.1810079,-11.994711,0.6918604
sci.med,1.6340948,-8.325888,2.9160855
rec.sport.baseball,4.2330832,-1.6140559,-4.1111293
talk.politics.mideast,-4.4518285,2.8170414,-1.1498674
rec.sport.baseball,-3.4889252,-1.6397517,-2.6150265
rec.sport.baseball,-3.4915478,5.08745,-3.6444275
comp.graphics,0.562246,-9.280165,-3.9308238
rec.autos,1.8649415,5.404088,0.02268106
comp.graphics,-1.9953483,-12.082065,-2.4693727
rec.sport.baseball,5.9235244,-2.3092752,-0.28094593
comp.graphics,3.6111732,-10.72394,0.77222425
talk.politics.mideast,-6.4773235,-2.0031424,4.099015
sci.med,-1.4188571,0.64800215,1.7073398
rec.autos,-0.87209684,11.143342,-1.4955375
rec.sport.baseball,-0.16873609,8.173733,0.5981273
sci.med,-0.74000907,7.917787,-1.3030919
rec.autos,0.63536394,-0.26810235,0.80766076
sci.med,-0.5092469,-1.6097732,4.340295
rec.autos,-0.47384745,-1.097402,-2.5065212
talk.politics.mideast,6.35018,-8.36796,4.54502
rec.autos,-0.8855146,-3.4386423,-2.3191078
rec.autos,-1.5897883,-1.266686,-0.94060296
talk.politics.mideast,-6.5161667,3.864115,0.58139396
rec.autos,-1.1762383,11.116104,-5.429285
rec.autos,0.39279783,4.7937818,-2.425417
comp.graphics,-2.0371025,-8.221271,-1.5557564
comp.graphics,2.8930237,-10.631193,-2.1535223
rec.autos,0.6915872,6.873209,-2.2818067
talk.politics.mideast,-5.700523,-0.2670424,2.6599917
rec.autos,2.2031767,-4.746749,0.098280355
comp.graphics,0.08984151,-10.775883,1.6731644
sci.med,1.8875995,-4.8889365,6.349941
talk.politics.mideast,-3.0666654,5.2484756,-0.13093247
sci.med,-1.18406,6.5064254,1.8423374
sci.med,-1.724582,3.2225442,5.643774
sci.med,1.3450173,-1.2917188,6.7484255
rec.sport.baseball,7.413411,-3.286671,0.030929672
sci.med,-1.0883406,-0.46738622,3.765903
talk.politics.mideast,-5.2098465,1.8711966,2.9123418
sci.med,-1.6075635,-7.8250384,-0.11948591
rec.autos,0.2248122,-1.1718549,-1.9873397
sci.med,1.8440291,-0.52258915,5.4036555
sci.med,1.1413074,1.8399464,3.4871824
rec.autos,1.2418301,-4.1758194,-1.0435828
comp.graphics,-0.51840955,9.80162,-0.7778925
comp.graphics,0.90745443,-10.600823,0.06418477
rec.autos,3.5187104,-5.6961136,2.4528797
rec.autos,0.4221341,-8.898024,1.4793385
talk.politics.mideast,-5.5269723,3.5195262,1.2900072
rec.autos,-0.5149125,-5.1794267,-2.4504988
comp.graphics,1.1302644,-10.387245,-4.0676746
comp.graphics,1.5468464,1.5062869,-6.736224
rec.sport.baseball,-3.053996,12.805237,1.0609115
rec.sport.baseball,-3.1521058,-1.4670033,4.0989423
sci.med,-0.96769947,8.556224,0.42743874
sci.med,-5.1075315,1.4580171,-5.0174265
rec.autos,-3.9452999,-2.5737062,2.7764585
sci.med,-1.4813787,-1.3336384,5.6377125
rec.sport.baseball,-3.5986645,-0.12347841,-0.60786015
comp.graphics,-1.2647399,4.2860003,-8.791926
rec.autos,0.83670765,3.6551995,0.004854316
talk.politics.mideast,-3.1008859,9.823901,-0.3744963
rec.sport.baseball,5.114332,5.2582,0.089497216
rec.sport.baseball,7.9961104,-3.0215204,-0.57038623
talk.politics.mideast,7.389446,-9.578192,5.394214
sci.med,-6.70641,13.629865,-0.0053421864
comp.graphics,2.255314,2.9993126,-3.7937126
talk.politics.mideast,-5.195464,1.4868766,3.2094932
sci.med,0.26875487,-2.1872892,6.874196
comp.graphics,0.79149634,-9.600492,-3.3762722
sci.med,1.8506259,-2.874757,2.9140043
talk.politics.mideast,-6.479673,-2.3386981,3.9569128
rec.sport.baseball,6.038322,-2.0630624,-0.24212463
talk.politics.mideast,-5.8646913,3.574927,1.9158622
comp.graphics,2.5622475,4.463692,-6.8152323
rec.autos,4.302597,-1.6633801,-0.69571656
rec.sport.baseball,-5.3828793,10.309599,-2.9776256
sci.med,2.4987302,0.20597216,3.4927151
sci.med,1.8238323,0.13777204,0.18597907
rec.sport.baseball,7.957341,-6.6413064,2.7771304
rec.autos,-1.552375,-5.796919,3.6038692
sci.med,-8.334307,10.801802,-0.09725931
rec.sport.baseball,7.7682896,-7.917713,1.0568491
rec.autos,1.3303442,-11.423796,3.0936165
sci.med,1.4970267,-0.6211127,7.126952
rec.autos,1.4533681,-4.569113,0.6437564
comp.graphics,-1.8080612,-7.5031123,-1.9361358
sci.med,-7.560233,14.606197,0.66670436
rec.autos,0.87457204,-1.2069972,-1.4745754
sci.med,-0.87474865,0.109535165,4.5355506
talk.politics.mideast,-2.4711168,9.012563,-0.6990326
sci.med,1.7653412,-4.026418,5.620525
sci.med,-6.9762406,13.122038,-0.11520328
comp.graphics,3.2216911,-8.022783,0.3904142
sci.med,-8.146231,11.931025,0.651702
sci.med,-0.2967899,0.082027815,5.894192
rec.autos,1.4434336,-1.889549,0.04383814
rec.autos,1.2334026,7.8710356,-4.2822394
talk.politics.mideast,0.052366532,-3.9722989,3.5914783
sci.med,1.1522299,-9.968792,2.1227562
comp.graphics,-2.747582,5.329525,-5.4733453
comp.graphics,-2.6237652,-10.382265,-3.7904935
comp.graphics,1.431819,-11.235129,-0.7772002
talk.politics.mideast,-5.3005023,2.2206492,0.52235866
talk.politics.mideast,-6.1633716,0.24232304,1.449807
rec.sport.baseball,-0.02599,7.5342627,-0.72031885
talk.politics.mideast,-5.8932495,0.3601467,4.0321426
comp.graphics,0.7577157,5.515587,-6.098321
sci.med,1.2603914,2.9854238,6.792291
comp.graphics,-1.4907935,10.144424,-2.2730656
comp.graphics,2.1905718,-11.057086,-0.2777986
talk.politics.mideast,-2.3985057,2.8733947,3.8431365
talk.politics.mideast,-7.578672,3.2350314,1.0799407
rec.autos,0.97938347,5.736791,-3.0560434
rec.autos,5.0420356,-7.9735518,0.5373447
comp.graphics,1.5550659,1.5634481,-6.516357
sci.med,0.0938742,2.5382755,5.4995394
sci.med,-5.42681,1.0804406,-2.4768763
comp.graphics,-0.32559714,-10.463254,2.056447
rec.sport.baseball,0.6154036,-7.060785,3.5324044
rec.sport.baseball,5.5944967,3.9573004,-1.4834344
sci.med,-2.6401343,6.9334083,-5.1338243
rec.sport.baseball,-2.1750803,6.0190506,-2.2986648
rec.sport.baseball,3.5697553,2.3809888,-1.4916052
comp.graphics,-1.7837328,3.4088933,-5.031265
rec.sport.baseball,-1.2336153,10.52238,-1.0094575
comp.graphics,-4.607928,11.55221,-2.7607448
rec.sport.baseball,6.557302,0.84882474,-1.8646114
comp.graphics,0.27098832,6.7009478,-5.7490234
sci.med,2.799461,-2.8571675,4.2798247
comp.graphics,-5.141559,12.225234,-4.1040397
talk.politics.mideast,-7.368462,0.716527,3.6466386
talk.politics.mideast,-2.0467827,4.1251397,0.7121744
rec.autos,3.3326716,-4.369988,1.9845169
rec.sport.baseball,6.912978,-0.8956578,-1.67792
talk.politics.mideast,-6.6739297,11.68242,0.42475858
rec.autos,4.1275177,-6.070073,1.4830421
comp.graphics,1.0343937,-10.738653,-1.329508
rec.autos,1.1914771,3.5833364,-2.6020887
rec.sport.baseball,6.8226995,-4.3056765,1.1640007
talk.politics.mideast,-1.573938,-1.5417769,-0.73153716
comp.graphics,-0.6319166,7.311395,-6.4957156
comp.graphics,-0.38169086,-10.590157,0.794561
comp.graphics,-0.047607422,-8.067856,-4.2189274
talk.politics.mideast,-4.914087,1.8713291,1.0053706
rec.sport.baseball,4.181142,0.25883904,-2.8910058
sci.med,-2.5430126,1.0628998,-5.450574
rec.autos,3.4129603,-5.1022406,-1.3991144
sci.med,-1.9144202,5.7418933,-3.880885
talk.politics.mideast,-4.6764274,-2.8630035,3.487318
talk.politics.mideast,-6.6244965,-1.910863,4.0061107
sci.med,-5.1245127,12.760082,0.23099865
sci.med,1.6687723,-8.082528,5.0522714
talk.politics.mideast,-6.625737,1.0726666,3.0320103
talk.politics.mideast,-4.270443,-1.683802,2.3258398
rec.sport.baseball,5.0328116,2.0810544,0.517095
talk.politics.mideast,-2.1924942,7.114973,0.3769121
comp.graphics,-0.1727439,4.3067784,-6.2014623
sci.med,0.5622802,0.988015,7.241186
sci.med,-2.2380915,4.6311293,3.7180996
rec.autos,1.3736038,-5.7471595,0.12987125
sci.med,-6.7907586,10.863496,-0.029462755
sci.med,-3.090629,1.1770132,-4.4093857
comp.graphics,0.680851,-8.492556,-1.0344057
talk.politics.mideast,-1.76565,6.659695,0.13661553
sci.med,1.9229923,1.5186228,4.67172
talk.politics.mideast,-4.779878,2.7858648,-4.2698946
sci.med,-0.19302231,4.1000514,2.414716
comp.graphics,2.5943544,3.6265943,-5.148442
comp.graphics,2.3826747,5.5012865,-7.8219295
rec.autos,2.523495,-4.0379677,-0.9212292
rec.sport.baseball,-1.3322763,5.0384107,-0.5256113
sci.med,-3.4633605,4.150044,-5.9507213
rec.sport.baseball,6.144614,-3.3706436,-0.4577067
rec.sport.baseball,7.217128,-9.114366,0.4884074
rec.autos,-1.5770743,1.2400856,-3.556341
rec.sport.baseball,4.0829244,0.52791995,-1.9813783
sci.med,-0.7546133,-2.924846,5.0239453
comp.graphics,0.97794724,3.532943,-7.245785
sci.med,4.2430058,-6.0344486,5.4120827
talk.politics.mideast,-7.1820803,11.294964,0.49111924
comp.graphics,-7.394448,10.060308,-1.12916
talk.politics.mideast,-4.845647,2.1732519,3.5508955
comp.graphics,1.3298508,-11.903206,-3.820432
sci.med,2.4758823,-4.519659,5.898846
comp.graphics,0.8593362,0.92218244,-4.544239
talk.politics.mideast,1.0616592,-2.9279249,2.7268243
comp.graphics,-2.9017837,-0.08781204,-0.56902754
rec.sport.baseball,6.551557,1.491936,-1.785274
sci.med,-0.44922876,-9.372823,3.0765169
sci.med,2.3531144,-3.1944609,7.269974
comp.graphics,0.091074765,4.138275,-7.065805
rec.autos,1.9832678,5.379703,0.18081868
rec.sport.baseball,7.181035,-0.76934856,-2.917665
rec.autos,1.9489795,0.13742961,1.3170408
talk.politics.mideast,-3.6064098,3.2455626,2.3068473
comp.graphics,-0.93637,7.2684336,-3.5825787
sci.med,-0.6076528,-4.700534,6.7358127
rec.sport.baseball,5.318944,1.3654342,-4.8240533
sci.med,0.41678673,4.2285686,2.4880404
sci.med,-5.0246005,3.7053998,-4.433506
rec.sport.baseball,5.2943225,-3.5262277,0.11863372
talk.politics.mideast,-3.9645975,-2.9779186,5.331387
talk.politics.mideast,-9.396411,-0.6093126,3.0011668
talk.politics.mideast,-9.5327635,-0.98364663,2.2219698
comp.graphics,-5.226407,9.912948,-3.1979597
sci.med,-1.415068,0.80661094,5.416213
talk.politics.mideast,-2.030332,11.506359,-0.8227237
rec.sport.baseball,5.66681,2.2980068,0.707879
rec.sport.baseball,7.4117174,1.3747157,-3.4994428
talk.politics.mideast,-7.0872183,-4.332483,2.2484443
rec.autos,2.8068964,-6.130342,-1.683507
talk.politics.mideast,-5.7562594,2.0492625,3.0875654
talk.politics.mideast,-4.7935524,0.99108106,-4.300192
comp.graphics,-0.112008676,-12.348718,-0.86996216
rec.sport.baseball,6.097562,1.6174263,-1.547791
rec.sport.baseball,8.864481,-2.7658596,-0.41051722
talk.politics.mideast,-5.5952163,8.024815,1.0969143
comp.graphics,0.9979443,-8.945577,-4.5845556
rec.sport.baseball,3.7972913,2.3796265,-1.4678097
rec.autos,3.3217282,-5.392094,1.8209499
rec.autos,-2.80122,1.504288,-4.6038113
sci.med,-7.542049,12.512463,-0.16485012
comp.graphics,-0.33081296,-10.143375,-4.252228
rec.autos,4.3051667,-6.369528,-1.1833934
sci.med,-7.9751015,8.902687,-0.46983904
talk.politics.mideast,-7.7166085,1.0392152,1.0209703
rec.autos,1.1131611,1.3780494,-2.014627
sci.med,-1.1132613,0.36821568,4.137166
rec.autos,-3.4000087,4.9597535,-4.7198486
comp.graphics,3.9298294,-10.173111,-1.6638213
comp.graphics,-0.34931102,6.890964,-6.906118
comp.graphics,-1.486385,-7.3236156,-1.4869716
talk.politics.mideast,-2.6628318,6.989385,0.22741283
sci.med,-0.85145235,2.702639,4.2042418
rec.sport.baseball,0.42415023,9.46485,0.017272854
rec.autos,-1.7484818,-2.1802204,-3.885887
comp.graphics,1.9044966,-10.7235365,1.7526724
rec.sport.baseball,5.2155633,2.5921736,0.5235735
comp.graphics,-0.6633971,7.353795,-5.36135
rec.autos,-4.9872093,-2.9489002,-3.0761526
talk.politics.mideast,-3.124355,11.686647,-0.62135017
sci.med,-3.0606008,0.54084945,3.2424247
comp.graphics,-1.7993022,-12.13285,-0.29458088
rec.sport.baseball,0.1843355,7.8017,-0.4987718
rec.autos,7.5692573,-9.611599,5.4666524
talk.politics.mideast,-7.372473,14.330931,1.3093303
sci.med,0.79819,-1.6012447,6.511365
rec.sport.baseball,6.029166,3.102885,-1.4797966
talk.politics.mideast,-8.737956,1.173464,1.9374666
comp.graphics,0.9004229,6.8969636,-6.7898116
comp.graphics,-2.319508,-10.627615,-2.7213845
sci.med,-7.5883365,9.811156,-0.32282734
rec.sport.baseball,-0.09558266,8.776309,0.54549134
comp.graphics,-0.8887678,-10.074834,-4.812484
rec.sport.baseball,-3.0689383,12.810433,1.0604049
sci.med,-0.83867097,-1.2543981,3.282453
talk.politics.mideast,-5.9209304,2.3727524,1.4760073
rec.autos,-1.9718312,10.8937025,2.9748716
comp.graphics,-1.0366968,8.138606,-0.0741819
comp.graphics,-0.86029726,-9.674638,-3.9079092
rec.sport.baseball,-1.9537083,10.964335,2.896485
rec.autos,3.69864,-6.4922366,-0.51559657
talk.politics.mideast,-6.6840944,4.053891,0.60623205
comp.graphics,0.9656293,7.2397966,-5.1561933
sci.med,1.2746928,-1.202445,4.340639
talk.politics.mideast,-5.1361103,4.6050878,0.35997555
rec.sport.baseball,6.0243735,1.7835089,-4.153608
rec.autos,0.81355435,-1.4482431,-2.9806721
sci.med,-0.6168069,1.3528894,5.356884
rec.sport.baseball,7.177582,-3.568781,0.51036006
talk.politics.mideast,-7.4835277,4.6417985,0.6992315
rec.sport.baseball,-4.2346735,3.0163558,-5.1008654
talk.politics.mideast,-7.675277,0.45198038,1.5812411
sci.med,0.21852615,-5.855287,5.4237757
sci.med,-7.5392656,-1.5115038,1.4127069
comp.graphics,2.0384476,6.5773783,-6.668513
sci.med,2.5335054,-2.5852923,4.50821
rec.sport.baseball,5.651193,-3.6384435,0.22484666
sci.med,-6.7741203,12.827328,0.18686926
sci.med,2.0443625,-4.531987,7.4383264
rec.autos,5.9786415,-6.1030693,3.7809112
comp.graphics,1.3401021,-11.697827,2.92343
comp.graphics,-1.9036468,3.8146951,-5.166771
comp.graphics,-2.183019,5.921415,-4.1453032
sci.med,1.6855289,-6.535349,5.4453382
comp.graphics,-4.9718375,8.047066,2.460275
rec.autos,1.8515857,-4.3638706,1.6765345
comp.graphics,1.2852395,-12.502254,-3.187498
talk.politics.mideast,-1.504487,7.75554,-1.1683496
sci.med,-2.2162466,-5.581881,4.494349
talk.politics.mideast,-9.897969,-0.9004094,2.0772035
comp.graphics,0.2971156,5.60303,-8.780072
sci.med,-2.4586213,1.5809876,4.9198856
comp.graphics,-0.31897733,-8.049976,-2.2623699
rec.sport.baseball,7.00671,0.62028855,-3.1496785
rec.sport.baseball,-4.494066,3.091918,-7.122004
sci.med,3.653931,-8.20711,2.5629761
rec.autos,-0.8877642,2.0894334,0.0020845393
rec.autos,2.426285,-7.6523952,1.0718247
talk.politics.mideast,7.143914,-9.67149,3.5405543
sci.med,1.0198755,5.70984,3.2358
talk.politics.mideast,-7.6334023,7.5480056,1.8299158
comp.graphics,2.6480708,5.2201047,-6.418222
rec.autos,0.3722758,-2.406483,1.3205445
comp.graphics,1.8934888,-9.534438,-1.5718412
rec.autos,-2.8044024,3.00279,1.1475215
rec.sport.baseball,7.287332,-5.8934727,3.7642531
talk.politics.mideast,-5.8363214,-0.8151445,3.1137745
rec.autos,0.8120212,-0.97083396,-2.2973185
rec.autos,2.805043,-5.5385613,0.6982294
comp.graphics,-2.5017064,4.975759,-5.726835
sci.med,1.0697976,3.5559638,0.16473392
comp.graphics,-0.0480283,0.6070055,-3.7122164
rec.autos,-0.54241467,-1.6886451,-2.16927
comp.graphics,3.0741434,-8.928796,-5.5785847
sci.med,-6.908781,12.70672,0.41252276
rec.autos,-0.20394844,-3.9370508,-2.803544
talk.politics.mideast,-6.3061004,0.86530614,2.843686
talk.politics.mideast,-4.3904753,1.5105196,-0.1371245
rec.autos,0.68212634,-4.2328477,1.1731775
rec.sport.baseball,5.9794445,1.5149266,-3.7052307
comp.graphics,0.18815553,-9.713962,-4.052862
rec.autos,5.7607646,-8.296723,5.284764
comp.graphics,-0.9702301,10.727087,-5.386969
sci.med,-7.5612755,9.475236,-0.12466125
sci.med,-2.5238729,1.4234502,3.4966238
rec.autos,1.2758312,0.4895958,-4.982835
comp.graphics,1.7393534,1.4192033,-7.344226
sci.med,1.9188417,-2.0044565,7.187208
rec.autos,-2.403643,2.168759,-4.0513663
sci.med,0.7866977,2.0356119,4.44942
sci.med,-4.7799153,-0.9119594,-2.302984
comp.graphics,1.4125717,-8.06296,1.2708272
sci.med,-2.626771,-8.847718,1.46791
rec.autos,0.2226776,-2.0266235,-1.1009043
rec.autos,3.227718,-3.2015457,-0.41166425
rec.autos,3.8551562,-6.005365,1.1270901
rec.sport.baseball,7.3864284,-1.8124733,-0.75238615
comp.graphics,7.931488,-9.458246,5.7302947
talk.politics.mideast,-2.566526,5.8037767,0.16545019
rec.sport.baseball,6.5878134,-0.3482655,-1.9157237
sci.med,-7.390317,12.696924,-0.27191567
talk.politics.mideast,-2.2869873,3.6217017,0.32160905
rec.sport.baseball,3.096717,-9.753458,2.5092688
sci.med,-1.5293305,7.6760554,-2.3396404
rec.autos,-1.5211626,2.8826432,0.57786155
comp.graphics,2.4276721,5.7895966,-7.6099086
comp.graphics,-1.6373396,-10.245681,-3.1465871
sci.med,1.3464553,2.3819978,5.7634873
rec.sport.baseball,6.0889335,1.8400962,-2.3521008
rec.sport.baseball,4.6286407,-2.2372823,-4.4644794
comp.graphics,0.40326813,-9.189316,-2.2363873
sci.med,2.5165644,-3.9504445,5.031679
comp.graphics,-2.3028717,-10.005368,-3.5870366
rec.autos,1.3171971,-8.5135145,-4.8114557
rec.sport.baseball,7.3916197,1.4399678,-3.6039448
rec.sport.baseball,-3.8180118,-0.10640608,-0.6322894
rec.autos,2.054558,1.1141037,1.2750081
talk.politics.mideast,-6.067414,0.92875063,2.3463256
rec.sport.baseball,-4.9934235,10.763973,0.6549097
rec.autos,0.01620889,-2.0680785,1.1761088
rec.sport.baseball,6.8797364,0.22726145,-1.2806675
comp.graphics,0.030983176,-10.332927,-1.4520471
comp.graphics,1.6318841,-8.602023,1.7387437
talk.politics.mideast,-1.1247821,12.989037,-0.7399317
talk.politics.mideast,-9.629623,0.39711112,2.7198002
sci.med,-1.1198583,-0.1984127,2.4218507
comp.graphics,-0.91788584,-7.187364,0.605879
sci.med,-1.4027425,5.1554337,2.332412
rec.sport.baseball,3.7791,2.9736097,-1.4325019
sci.med,2.2680314,-5.196857,4.6097236
rec.sport.baseball,-6.6458364,11.63245,-0.034523476
sci.med,-3.3767285,2.2827864,1.9260455
comp.graphics,0.4335572,-12.748698,-1.6388636
comp.graphics,2.3080785,-12.865832,-1.8236636
rec.sport.baseball,6.988977,-5.780414,0.98395306
talk.politics.mideast,3.916846,-9.7197075,3.5950384
rec.sport.baseball,1.7846406,1.0705906,-3.243731
comp.graphics,0.76140726,-8.537689,4.2522545
rec.autos,-3.2950435,-2.3324084,0.5890119
talk.politics.mideast,-7.735284,1.0901359,1.1281998
sci.med,-1.468033,-2.3271132,6.0646105
rec.sport.baseball,7.0795956,2.2356098,-1.8925089
rec.autos,3.5693543,-7.1262326,0.0065757073
comp.graphics,-5.4680986,10.067076,-2.9050634
rec.sport.baseball,7.78813,-3.3170197,0.14655942
rec.sport.baseball,8.953848,-4.907005,0.9584
rec.autos,1.3608581,-7.8897886,1.1779068
sci.med,1.2116145,0.18517485,5.824677
sci.med,1.5468056,-5.1574097,7.8179226
comp.graphics,-0.6575576,7.0470753,-5.294948
talk.politics.mideast,-1.3064187,-7.11628,1.4317142
rec.sport.baseball,2.685353,-1.7309833,1.8845756
talk.politics.mideast,-5.338519,1.978706,1.0516081
sci.med,0.65371287,-0.69402283,4.070474
comp.graphics,0.06860318,5.535273,-7.616987
rec.sport.baseball,5.32438,0.5638739,-5.082768
sci.med,-1.0561953,0.73422885,5.759033
rec.sport.baseball,-2.256957,9.188393,-1.8588698
talk.politics.mideast,-5.7295074,0.78194094,2.5590184
talk.politics.mideast,-3.1801205,0.55327356,3.6559494
comp.graphics,2.9581187,7.4074173,-6.904658
rec.sport.baseball,8.820277,-7.4888005,2.1258142
sci.med,-0.470436,-7.3164353,6.4937663
sci.med,-7.0607514,12.515418,0.41611785
rec.sport.baseball,7.5660887,-0.8002084,1.4380943
comp.graphics,-1.085532,10.961612,-5.442354
sci.med,-1.1685086,0.348845,5.6520295
rec.autos,-2.3224857,-0.22774294,-3.2057376
comp.graphics,0.064680524,3.734579,-5.8674636
comp.graphics,0.82525223,-9.603118,-4.105375
rec.sport.baseball,-1.9832995,8.375318,-1.9468831
talk.politics.mideast,-3.3123634,8.867418,-0.6065012
rec.autos,-0.147323,-1.4290907,0.8411617
comp.graphics,3.573458,5.8965883,-7.4930263
talk.politics.mideast,-5.5738006,0.8747609,0.1705315
rec.autos,0.10457807,-1.0977196,0.96161413
comp.graphics,3.149041,-9.543213,-4.1236873
rec.autos,-1.1906251,-0.2907289,-3.8059075
rec.sport.baseball,6.3790436,1.6838235,-1.1548287
talk.politics.mideast,-3.7685072,5.7627506,0.4122058
rec.sport.baseball,6.867942,1.072683,0.27401698
sci.med,-2.441988,-8.931758,1.4984049
rec.sport.baseball,4.875278,2.3393118,0.39150903
rec.sport.baseball,6.56764,3.1560762,-3.2255104
rec.autos,2.601442,-0.061813027,1.6903646
rec.autos,-0.6316902,10.619615,-1.6493576
sci.med,2.0160909,-5.3579116,7.6693983
rec.sport.baseball,9.844159,-1.7521987,-0.53591835
sci.med,1.2107165,3.1997008,6.3298655
rec.autos,0.33679435,-3.2273846,-1.9690968
rec.sport.baseball,6.9579434,-1.4874371,0.6842927
comp.graphics,-6.647118,13.57439,-0.61581445
rec.sport.baseball,2.105701,8.315528,0.22340514
rec.sport.baseball,6.366834,-2.715293,-1.6044489
rec.autos,-2.325178,10.62442,-2.6227567
rec.sport.baseball,4.6689987,3.7496455,-2.9475787
rec.autos,0.80357945,-0.60304946,-2.6592088
talk.politics.mideast,-5.0268764,3.0866768,-0.28181523
sci.med,3.0533056,-3.0721629,6.184415
rec.sport.baseball,6.0258107,1.0659631,-4.861649
talk.politics.mideast,-7.0881133,10.4703665,1.6700474
comp.graphics,-1.5231141,-10.052395,-2.5254595
rec.sport.baseball,4.4014015,-5.6758494,-1.279159
talk.politics.mideast,-0.8432516,12.130285,-0.99921983
sci.med,2.5578647,-2.7613583,6.5647326
rec.autos,-1.2984399,-1.3799264,-4.863775
comp.graphics,-0.6458604,-11.203216,-3.7889352
rec.autos,0.6264741,-3.5312471,-3.1525445
rec.autos,-6.7421827,-1.8738137,0.6655092
rec.sport.baseball,8.551377,-3.5213137,1.5351441
talk.politics.mideast,-10.059477,-0.6240976,3.2478757
comp.graphics,2.9092898,4.9747667,-6.96442
talk.politics.mideast,-6.055555,-0.13791719,4.117486
talk.politics.mideast,-0.8824465,5.8375506,1.0421194
comp.graphics,-1.770201,-9.861457,-3.109331
rec.sport.baseball,7.134755,-4.667293,-0.67368186
rec.sport.baseball,-3.2121553,12.861585,1.044258
rec.sport.baseball,4.70034,-3.0808866,2.0714848
rec.autos,1.9802651,5.212424,-5.103141
rec.sport.baseball,5.8353305,-1.8527853,-0.09157334
sci.med,2.058266,-4.9125314,6.769935
sci.med,-0.9623304,-1.7511055,6.767909
comp.graphics,-1.4934139,-6.818313,0.548348
comp.graphics,3.0333467,-9.470458,-3.8505921
rec.autos,-0.50628763,-3.196637,-1.8157717
sci.med,5.9339533,-6.145506,3.8027363
talk.politics.mideast,-8.525105,0.52921957,2.0936835
sci.med,-1.9549214,1.3326076,4.359947
rec.sport.baseball,7.7323027,-9.445025,1.655857
talk.politics.mideast,-4.7089987,-4.532328,4.4655976
rec.autos,-3.0791898,-1.5315686,4.145092
rec.sport.baseball,2.9078002,2.6178005,-3.1160135
rec.autos,1.7274973,-4.0317616,0.38238296
rec.sport.baseball,5.3121705,0.8186459,-0.20019257
comp.graphics,-1.2725554,11.379298,-5.5990205
sci.med,2.481611,-1.8513942,4.9514017
talk.politics.mideast,-7.0228386,5.961882,1.3914744
sci.med,2.9011295,-1.1935923,5.558349
talk.politics.mideast,-2.7205698,6.3379116,0.1580013
rec.sport.baseball,6.4363284,-5.85475,1.2466512
rec.autos,-0.2338154,-1.2777834,0.89053535
comp.graphics,-0.3508225,9.388725,-3.507231
comp.graphics,2.531069,5.1778965,-8.076998
rec.autos,6.6307673,-6.388292,4.3732862
sci.med,0.33110717,-0.90206623,7.443545
rec.sport.baseball,5.7567244,2.6951792,0.43837038
talk.politics.mideast,-9.778475,-0.06512924,2.042706
rec.autos,-1.2128216,11.194241,-5.4153795
sci.med,1.4972457,1.3357514,6.5285525
comp.graphics,-0.35638228,4.6794825,-6.2740645
rec.sport.baseball,7.422909,-1.7083087,-2.8041039
talk.politics.mideast,-4.200782,2.995356,-2.7437296
sci.med,-2.5436146,1.9676259,4.082595
comp.graphics,-1.1381159,2.4534132,-7.2757053
comp.graphics,-7.557282,13.661864,-0.2787009
comp.graphics,-1.6863234,6.3805265,-3.8313398
rec.sport.baseball,8.373358,-2.0657806,1.7094841
sci.med,0.028645225,1.1287653,6.962772
sci.med,0.2551305,5.3995056,2.1342347
rec.autos,0.84932435,-1.1500981,-1.3600545
talk.politics.mideast,-5.3479824,0.9885485,4.0997562
rec.autos,2.8915958,-10.671612,2.894071
rec.sport.baseball,4.368786,4.559818,-1.9708555
talk.politics.mideast,-1.1663916,12.752916,-0.7122476
comp.graphics,1.829772,-10.079517,0.27378774
comp.graphics,3.4102654,-9.523513,-4.2255464
rec.sport.baseball,6.29565,2.313073,1.4669758
comp.graphics,1.2404789,-10.603469,-1.0031453
rec.sport.baseball,-1.0150692,11.358206,-1.3259999
talk.politics.mideast,-5.7986937,0.3594049,0.9739254
rec.sport.baseball,6.9864945,0.16023652,-0.23011012
talk.politics.mideast,-6.5903034,11.5692215,-0.16284825
rec.sport.baseball,-3.2040465,2.8953109,-2.8284235
talk.politics.mideast,-4.7585025,2.2530112,2.7860088
rec.sport.baseball,1.6307291,8.08487,0.2434801
talk.politics.mideast,-2.1082122,11.636639,1.8133749
talk.politics.mideast,-8.367443,1.079891,1.5725422
comp.graphics,1.0716968,-12.615366,-1.5159239
sci.med,7.4743185,-8.184491,0.9289419
comp.graphics,-0.024816006,2.8952055,-7.1888247
rec.sport.baseball,4.598671,3.3430617,-3.2623343
rec.autos,1.6515762,5.2864003,-2.6252587
rec.autos,1.734995,-2.7721646,1.7331954
sci.med,3.5320768,-10.699795,3.993142
comp.graphics,-8.422565,14.125829,0.5131777
talk.politics.mideast,-6.287778,-4.102532,1.2485822
rec.autos,2.3336413,4.843219,-2.8550491
rec.autos,-4.096186,-0.019072037,2.826933
talk.politics.mideast,-7.0718784,4.288651,0.8517908
talk.politics.mideast,-5.8583293,-0.74317235,3.008943
sci.med,-0.4307989,-0.3497416,4.0648913
sci.med,-2.234381,1.4319102,-5.6229234
sci.med,1.6798172,1.9980961,5.8904505
comp.graphics,-0.88697475,-11.175704,-3.4468071
rec.autos,1.3283137,-6.2149215,-2.3888915
rec.autos,2.298734,-0.82669586,-2.819236
rec.autos,0.16304258,-0.016470436,1.2941016
sci.med,0.26949626,1.8042458,6.1193237
comp.graphics,-5.8278255,13.883507,-1.1389157
talk.politics.mideast,-3.2064974,7.9085784,0.89386356
comp.graphics,0.32146114,-11.274886,1.0463165
rec.sport.baseball,-4.345172,5.452352,-5.083174
rec.sport.baseball,8.897418,-4.7925577,1.0514038
talk.politics.mideast,3.7166395,-10.49129,4.4012785
comp.graphics,1.281907,-9.7947645,-3.017896
rec.autos,1.5009607,4.2809067,-0.72063893
comp.graphics,0.28481057,6.838506,-4.1008887
rec.sport.baseball,-0.7669396,10.669454,-0.2776668
comp.graphics,-1.7143514,1.3228288,-3.4195156
rec.autos,4.618572,-3.6742163,-1.2184323
rec.sport.baseball,6.923728,2.6928093,-3.224868
sci.med,1.9471205,-5.117089,6.4875154
rec.autos,1.9153074,-0.13298485,1.0231807
rec.autos,-0.9420999,2.4913065,0.37542483
talk.politics.mideast,-3.9285424,1.1341777,0.784128
rec.sport.baseball,5.247264,2.3845155,0.46517974
rec.autos,1.8210083,-4.229273,0.03044939
sci.med,-0.26971132,-0.40018094,4.448423
sci.med,-0.21515158,-0.30242947,7.541421
rec.autos,-0.15658802,-3.0541687,-3.290286
talk.politics.mideast,-6.0452027,-4.5155735,3.6362433
comp.graphics,-2.6178665,1.0888244,5.351514
rec.autos,1.6072292,6.3316965,-2.8798687
sci.med,1.6336417,-7.070452,4.9438877
rec.sport.baseball,6.48134,-4.98789,2.4669912
comp.graphics,-0.22163668,8.801439,-3.2352812
rec.autos,2.2073405,-2.448066,1.6265222
sci.med,2.6336634,-3.9736278,4.8332963
sci.med,-1.9675618,-6.868752,-1.5552553
sci.med,-8.007209,11.967622,0.23216578
rec.sport.baseball,5.673912,0.8849924,-3.5659144
sci.med,-1.7236059,-2.3129594,3.1536767
sci.med,0.818417,5.6557145,3.0758824
talk.politics.mideast,-7.4235096,-1.3782902,0.8947777
sci.med,-0.033678815,-8.3401985,2.46543
talk.politics.mideast,-4.7399883,11.490035,-2.6954443
talk.politics.mideast,-6.834049,0.8961727,0.02133417
rec.sport.baseball,5.0222363,-0.86516005,0.109442234
rec.sport.baseball,6.3938937,-7.391322,1.1916484
rec.autos,2.309653,5.4128685,-3.728497
sci.med,-0.23669814,-4.105426,3.7361574
comp.graphics,-6.8181744,15.22853,0.51182085
rec.sport.baseball,7.621742,-5.6415997,0.663673
rec.autos,-0.32017645,-3.2427795,-1.7884132
rec.sport.baseball,-0.9158782,6.366132,-1.5335358
rec.sport.baseball,8.834552,-1.5221196,0.41130096
talk.politics.mideast,-3.8014157,-3.2134063,5.2553587
talk.politics.mideast,-4.0991287,0.36106,-3.4742823
rec.autos,-0.25667095,-0.3470169,-1.9554397
sci.med,1.4875002,2.2121508,5.2081637
comp.graphics,2.6813183,4.245426,-6.7800903
sci.med,1.2596012,5.5020576,3.5756643
talk.politics.mideast,-6.899491,-1.9983827,5.706901
sci.med,0.096664414,-5.8067956,5.5102425
comp.graphics,-1.0336722,6.0977592,-4.3244925
rec.sport.baseball,6.3278627,-5.5288534,2.6691563
sci.med,0.9013736,-2.2618136,5.17333
sci.med,-6.7058873,13.225868,0.0099910265
comp.graphics,-1.108235,5.439951,-4.1575117
rec.sport.baseball,2.5032907,-6.1389008,2.9045484
comp.graphics,2.7315419,-11.671396,3.5906289
rec.sport.baseball,5.378577,-10.174178,-0.97400194
sci.med,1.98193,-5.948093,5.864388
sci.med,2.0085309,-7.5366836,7.2679324
rec.autos,3.3319113,-7.4713616,0.6826041
rec.autos,1.9927455,-2.3041508,-2.4945436
rec.autos,0.55401784,6.038868,-1.8460875
talk.politics.mideast,-2.8448336,5.184504,-0.39323574
sci.med,-0.35955852,0.7390238,4.4305964
sci.med,2.2219648,-4.8314843,8.112536
rec.autos,0.12440847,-0.83362836,0.80638266
rec.autos,-5.46449,5.841121,2.78204
rec.sport.baseball,-7.423474,9.529777,-0.028214883
talk.politics.mideast,-3.8941758,9.757942,-1.8262386
talk.politics.mideast,-8.087068,1.2139571,2.3501682
sci.med,2.2046554,-2.2240696,4.9887066
talk.politics.mideast,-6.2553463,-1.9594113,4.0920515
rec.autos,0.08137379,8.10579,-2.0191643
sci.med,-6.9765644,12.969736,0.06533953
sci.med,-7.214634,12.707036,0.19760573
rec.sport.baseball,4.96031,-1.6054645,-3.665512
talk.politics.mideast,-9.650316,-0.16613993,3.159861
talk.politics.mideast,6.705624,-9.011044,4.7767034
sci.med,2.2182326,-0.65701836,3.9204013
talk.politics.mideast,-6.4397383,0.16529655,0.98703456
comp.graphics,-2.4222014,4.1324916,-7.118847
comp.graphics,0.93676126,-13.237131,-0.7378981
comp.graphics,2.1826499,-11.313357,-2.0809236
talk.politics.mideast,-4.8968706,1.6499577,0.097877346
sci.med,1.683964,1.3590409,2.7692614
comp.graphics,-1.8113455,-10.238509,-2.8520422
sci.med,2.082534,2.017,-5.6740074
comp.graphics,0.4861767,-8.138523,-1.7333286
rec.sport.baseball,-4.7088313,13.508397,0.93405354
comp.graphics,0.931774,1.146346,-4.6755533
rec.autos,-0.21172382,-7.762569,1.3460838
rec.sport.baseball,-3.0606725,5.6558933,-3.0245767
talk.politics.mideast,-6.9321012,-0.83236384,2.3817437
talk.politics.mideast,-4.31734,-5.6141267,0.37125126
comp.graphics,1.2243055,3.3648674,-7.5425463
talk.politics.mideast,-4.483384,-4.7699037,4.3538685
rec.autos,0.9896915,-3.6779578,1.7585742
rec.autos,2.2213998,5.464811,-3.6746287
comp.graphics,-0.24480198,-10.229076,-1.5053301
rec.autos,4.570598,-6.9609985,0.29896125
rec.sport.baseball,4.9676695,3.8757849,-1.2036464
rec.autos,0.15558448,-2.9765418,-2.9854333
comp.graphics,0.4389758,-2.2419136,-4.9055967
talk.politics.mideast,-4.9891505,-4.425533,4.2157617
rec.autos,1.9232628,5.5429335,0.043055475
sci.med,0.56617576,0.12073607,5.890943
rec.autos,0.58753574,7.061854,-1.9173354
rec.sport.baseball,5.9780803,0.9739975,-1.4134344
talk.politics.mideast,-6.1724205,-1.4077649,4.532123
rec.autos,-3.7712543,-3.684376,-2.577693
rec.autos,1.998285,-5.6453304,1.1549636
comp.graphics,-1.7496399,-9.441183,-5.1454415
rec.autos,1.643668,-4.311047,-2.1748965
rec.sport.baseball,7.113037,-7.374077,1.1539757
sci.med,-4.7427716,11.204213,-2.710343
sci.med,3.0064602,-2.861409,6.3937407
rec.autos,-1.6761165,10.818454,-1.0485069
rec.autos,4.142649,-7.3158307,2.086215
sci.med,-1.1132145,12.184003,-1.858754
rec.autos,1.4597378,5.9199576,0.12954308
rec.autos,-0.5654022,10.610539,-1.4808598
talk.politics.mideast,-9.8815975,-1.9841416,1.3116174
rec.sport.baseball,3.2320814,0.4964067,-2.051341
comp.graphics,-0.18941495,-11.243215,2.131597
rec.sport.baseball,6.4998517,1.518926,-4.9572487
rec.sport.baseball,7.7817483,-1.7366174,1.4182298
comp.graphics,-0.15505071,-11.549749,2.0596585
rec.sport.baseball,6.9359555,2.4948833,-1.2682688
talk.politics.mideast,-2.5402813,8.813693,-0.9109568
rec.autos,1.4937177,0.2509517,-0.6210836
talk.politics.mideast,-8.966722,-1.1689519,1.2628156
sci.med,-1.4426876,0.47212827,4.2866073
comp.graphics,1.5875206,-11.590916,-3.0182366
rec.autos,-8.294161,13.063152,0.4411268
talk.politics.mideast,-6.0937467,12.042005,0.14491321
rec.autos,2.8114498,-4.474806,-0.7891434
comp.graphics,0.64288414,-14.031836,-0.283277
rec.sport.baseball,5.042778,-2.8578653,1.7620108
rec.sport.baseball,5.0652823,-1.4889015,0.5379663
rec.sport.baseball,-1.5289296,13.147828,-0.30059263
talk.politics.mideast,6.8544707,-7.254116,3.2936096
comp.graphics,0.73002315,-10.840241,-3.263273
sci.med,0.86468875,4.562954,3.8299527
comp.graphics,-1.706085,-10.307505,-1.7589062
rec.sport.baseball,6.974405,-6.7444296,4.71866
rec.autos,0.8580408,5.4705086,-1.7863944
rec.sport.baseball,8.499362,-7.009064,2.0199633
rec.sport.baseball,-2.218297,1.6481888,-3.985945
rec.sport.baseball,-1.6594459,9.394526,-2.5206587
comp.graphics,1.0412943,-11.113671,-1.189174
talk.politics.mideast,-2.102531,9.803925,-0.715846
talk.politics.mideast,6.8384957,-8.951916,4.3359632
talk.politics.mideast,-3.369754,-1.8634871,2.868751
rec.autos,0.7803895,9.494955,-1.555143
rec.sport.baseball,9.764649,-1.765841,-0.5559952
talk.politics.mideast,-2.51962,6.704032,-0.5264528
comp.graphics,7.8980327,-9.771627,6.077893
comp.graphics,1.4825269,2.3981118,-7.2272696
talk.politics.mideast,-4.600669,-4.560895,3.6824532
sci.med,5.608713,-8.565998,4.548904
comp.graphics,3.5842474,4.658397,-7.809052
rec.autos,4.283137,-7.4043036,0.14757857
rec.autos,-0.71413845,-0.0034311533,0.92611057
sci.med,1.033538,-1.529147,6.8503804
comp.graphics,3.4743369,-9.600533,-4.130477
sci.med,2.8974733,-5.532366,7.227811
sci.med,2.438551,1.5804275,5.0647583
comp.graphics,2.1614075,-11.297403,-1.9557859
talk.politics.mideast,-4.904364,-0.547019,0.9667213
talk.politics.mideast,-5.047833,2.4365594,2.3209112
talk.politics.mideast,-6.1514707,3.6896029,2.7753673
rec.sport.baseball,8.077391,-3.2614315,-0.013571514
rec.sport.baseball,7.7894793,1.2176903,-1.5146888
talk.politics.mideast,-4.0029845,-5.238907,3.391253
rec.autos,3.0063055,-9.650715,2.9265518
comp.graphics,0.48768118,-10.0275755,-2.3077562
sci.med,1.1693354,-6.4762015,6.551019
comp.graphics,2.2086754,-13.235245,-0.43652576
comp.graphics,1.130084,-9.431029,-1.8873099
talk.politics.mideast,-8.565526,0.4333092,1.3264909
comp.graphics,2.299988,-10.720919,-0.7995661
talk.politics.mideast,-4.3852186,-4.815963,3.171531
rec.autos,0.64614403,-5.076134,-0.9924002
rec.autos,3.33926,-4.3584113,0.41551247
comp.graphics,0.55883074,5.840975,-4.8116293
rec.autos,2.7647865,-6.835748,-0.11623496
rec.sport.baseball,7.8795366,-6.3925085,0.29230526
sci.med,1.947277,0.07114597,2.9381676
rec.sport.baseball,7.321084,-5.9235296,1.9998398
sci.med,-7.1846867,15.374569,0.570616
talk.politics.mideast,-5.7474775,0.11650137,0.042931136
talk.politics.mideast,-9.216455,-0.35939345,2.7339356
sci.med,2.99023,-2.1062083,5.0573697
comp.graphics,-2.0237088,-10.851485,-2.6233525
comp.graphics,2.4113657,-9.788899,-0.06555428
talk.politics.mideast,-7.606502,12.944057,0.6944447
talk.politics.mideast,-7.461261,0.8248567,0.9970774
talk.politics.mideast,7.0236907,-7.2634788,3.4352245
talk.politics.mideast,-7.4465938,0.10580463,1.2314839
rec.autos,-0.37250814,-4.613463,-2.982161
rec.sport.baseball,5.9005566,-3.7655587,1.7402829
rec.autos,1.7458771,-5.8761587,-0.40712115
comp.graphics,2.103403,-8.8316965,-4.8536463
sci.med,-1.7093872,1.1499552,4.147607
rec.sport.baseball,7.623275,-9.270269,1.9213122
sci.med,-2.389056,2.027725,5.456841
sci.med,-0.29596904,-4.775533,6.824776
comp.graphics,0.62845236,-11.175468,-0.18891066
comp.graphics,0.42771178,-11.147151,1.5435427
talk.politics.mideast,-2.1399407,5.4497194,1.6445904
sci.med,0.9862059,3.803541,4.2304544
talk.politics.mideast,-4.32074,-2.8446045,5.0649843
rec.sport.baseball,7.875508,1.9938805,-1.4888287
comp.graphics,4.6549425,-10.548881,0.9096727
sci.med,-1.227232,0.47029892,7.56661
comp.graphics,1.3170675,-11.62865,3.477544
rec.autos,1.5161328,-4.636265,0.9349296
rec.sport.baseball,6.5719357,-5.100736,2.3989127
sci.med,1.6073871,-0.6142254,7.372615
talk.politics.mideast,-4.0082717,4.4460716,-1.8428783
sci.med,-2.2791038,1.501816,-5.429519
sci.med,-7.390656,9.899672,-1.3293672
rec.autos,4.3432584,-6.3240023,-1.330977
rec.sport.baseball,-8.075886,13.934167,0.64058954
rec.autos,-0.20741764,0.20719503,-5.828613
talk.politics.mideast,-8.282933,1.0893656,2.1875541
sci.med,0.19848593,0.94707346,6.000561
talk.politics.mideast,-4.0398946,3.566017,-2.683552
comp.graphics,3.0627341,5.515858,-7.007521
talk.politics.mideast,-6.908363,-1.734787,5.812929
rec.autos,2.8320165,-3.5065415,-0.32248423
rec.sport.baseball,7.5766473,2.7069488,-4.515053
rec.sport.baseball,8.288932,-7.377336,0.036407776
sci.med,-7.6553383,10.795637,-0.1388581
sci.med,-0.83930415,6.420925,1.4149652
sci.med,2.5139303,-2.724453,4.3816576
rec.autos,-0.39012444,5.972897,-0.860947
rec.autos,-0.056243755,-1.5532647,-2.7575572
rec.autos,-0.4698579,5.9215736,1.1923245
sci.med,-1.4058863,6.4451194,2.1391966
sci.med,2.809768,0.084820755,6.468432
talk.politics.mideast,-8.715955,0.9730473,2.2320704
rec.sport.baseball,-1.9739296,12.936816,0.16931637
talk.politics.mideast,-5.94102,1.5200646,2.2582693
rec.autos,-3.7397015,3.9062247,-4.567754
rec.autos,0.5434007,-3.5161219,-2.1621714
comp.graphics,1.3867401,-10.721795,-1.8431604
talk.politics.mideast,-2.4137027,1.7856814,0.44157788
rec.sport.baseball,5.419191,-0.34521386,-3.3551764
rec.sport.baseball,4.341663,4.72086,-2.0427518
talk.politics.mideast,-4.169938,8.28017,-1.1250881
rec.autos,0.50942683,-3.5262938,-3.437557
sci.med,-0.53750753,4.2946496,2.242656
rec.autos,1.5906197,4.6985083,-1.8680784
rec.autos,-2.708758,-10.114536,-1.3332539
rec.sport.baseball,7.7951965,-2.1006987,-1.1702487
rec.sport.baseball,0.42815325,-11.415497,2.8761797
comp.graphics,-2.407964,-9.226661,-3.5910518
talk.politics.mideast,-6.9137177,1.8000592,3.478812
sci.med,-3.2268422,8.49838,-1.7727947
rec.autos,-0.89743316,-2.2954266,-1.5095077
rec.autos,3.904182,-5.9936905,1.9615911
rec.autos,-0.5579735,-4.14243,-0.6968213
comp.graphics,1.1812451,4.099046,-8.157367
sci.med,2.9448547,-5.119449,7.273418
comp.graphics,-0.7677256,-10.484732,-4.5240316
talk.politics.mideast,-5.439261,-0.85242164,4.510171
sci.med,0.35389146,-0.5025283,5.25546
comp.graphics,-0.63681734,11.649197,-1.2286063
talk.politics.mideast,-5.227257,3.5523071,1.6681583
rec.autos,-1.3678718,-2.6387181,-2.8386843
talk.politics.mideast,-3.4210298,6.2397943,1.9877948
comp.graphics,1.9698324,-8.698489,-4.8714676
talk.politics.mideast,-3.383452,2.8050544,1.634504
talk.politics.mideast,-7.4712143,9.702335,1.5075364
comp.graphics,-0.6615417,7.794653,-6.094865
rec.sport.baseball,6.2561812,2.0359378,-2.6219325
talk.politics.mideast,-7.510183,7.881375,1.7934351
sci.med,-0.06378986,1.5171727,3.0663412
rec.sport.baseball,3.6835635,2.3871958,-1.4166296
rec.sport.baseball,2.3495104,8.218609,0.3225002
comp.graphics,0.24286471,-10.160909,-1.5176183
talk.politics.mideast,-6.5103407,3.383361,2.6464078
rec.sport.baseball,-4.4016323,5.5833707,-5.063173
sci.med,-7.646027,12.606672,-0.10041348
rec.sport.baseball,1.0781773,-11.1788225,2.584729
rec.autos,0.64847237,4.898185,-2.3950224
comp.graphics,-0.37819326,-10.042196,0.10463444
rec.sport.baseball,7.1491694,-3.9787269,0.8799323
talk.politics.mideast,6.0693913,-8.081154,5.1543117
talk.politics.mideast,-2.327695,6.4710402,0.43019217
talk.politics.mideast,-7.2717466,12.61212,1.7998718
rec.sport.baseball,-0.2325838,8.541823,-0.6670843
talk.politics.mideast,-5.3278704,5.7748504,1.1873378
rec.autos,0.26653203,-0.88338923,-2.922068
sci.med,0.5545796,1.1299325,7.165186
rec.sport.baseball,7.6863914,-3.2635274,-1.3787644
rec.autos,0.46686026,-3.9034913,3.2349415
sci.med,-1.7388351,1.5718658,4.1585693
comp.graphics,-0.2940966,2.720902,-7.595354
sci.med,-1.3801477,2.239442,-7.4506125
comp.graphics,1.9187354,-10.524262,0.97272176
sci.med,0.42885786,-6.165666,5.4194694
talk.politics.mideast,-1.4622809,7.98697,0.8245999
rec.sport.baseball,7.2033324,3.8342478,-1.3518254
rec.sport.baseball,-1.3172251,-0.7925662,1.9121468
rec.sport.baseball,-7.889803,15.198003,0.55347544
talk.politics.mideast,-4.9754806,1.0716949,3.736422
talk.politics.mideast,-2.0323617,9.085309,0.5587021
rec.autos,5.841834,-8.0645685,4.2929897
talk.politics.mideast,-3.8620064,7.149734,-0.53188854
sci.med,-2.6321888,2.116753,4.2597585
comp.graphics,2.5336056,-11.172332,-1.1390073
rec.sport.baseball,6.0794225,-4.870398,-2.9106033
sci.med,-1.1761785,5.675522,2.0864098
talk.politics.mideast,-7.1817803,0.15817833,1.6114799
talk.politics.mideast,-2.368394,1.3461257,-3.832932
rec.sport.baseball,7.124244,-4.8882575,4.023642
talk.politics.mideast,-3.6847594,-5.8516536,-0.15112928
rec.sport.baseball,0.9757258,7.9203706,-0.5086263
rec.sport.baseball,5.814367,2.553571,-1.1897402
talk.politics.mideast,-6.7694893,-1.8430735,5.4168277
comp.graphics,1.0056973,3.805022,-7.0380507
comp.graphics,-4.7433696,11.77355,-2.6351237
comp.graphics,-6.1517134,13.994743,-0.7499921
rec.sport.baseball,7.8980327,-9.771627,6.077893
rec.sport.baseball,-3.9927874,3.2894375,-4.1789603
sci.med,-4.4180512,10.747584,-3.5349302
talk.politics.mideast,-6.3398013,12.159086,0.40199307
talk.politics.mideast,-3.5666728,-5.1141887,4.0060163
talk.politics.mideast,-8.636736,0.02451083,1.230522
comp.graphics,-0.019913057,-11.972329,1.9399278
sci.med,1.6851177,-3.4279711,6.403757
rec.sport.baseball,-1.1101581,11.218488,-1.2726768
sci.med,-0.71414644,4.083762,2.002366
rec.sport.baseball,1.7916957,-5.7809005,-0.82967454
sci.med,-1.3042346,1.6753323,5.042485
sci.med,0.8625995,0.4200661,6.89061
rec.autos,1.8711828,5.395583,-0.0041447696
sci.med,-7.3098397,13.782065,0.5092251
rec.sport.baseball,7.7298045,-4.1769032,0.032893386
sci.med,-2.890216,-0.2895603,3.8641343
rec.sport.baseball,7.7517505,-7.5223513,3.339694
comp.graphics,0.30933368,4.0569634,-6.588345
sci.med,1.4216512,3.7684374,2.4645646
sci.med,-0.028235173,-1.343976,5.8735404
comp.graphics,2.3376157,-10.496825,-2.1842086
sci.med,1.5473596,-3.8145664,5.554233
rec.sport.baseball,9.571759,-2.2694242,-0.026304487
talk.politics.mideast,-2.9327693,3.8849645,-4.0018425
rec.autos,-8.414276,13.793365,0.56485564
rec.sport.baseball,7.5311112,-1.9467945,-0.33299947
comp.graphics,1.7005298,-9.009027,-4.7513266
talk.politics.mideast,-6.7115836,0.13431008,4.469473
sci.med,1.4359099,-4.0328403,4.526175
rec.sport.baseball,2.0247343,-9.844045,1.9700085
sci.med,-2.288295,-0.38457155,3.4649024
rec.autos,-3.9804456,3.4838848,-4.8322144
rec.autos,0.3294896,2.2419722,-0.07483011
rec.sport.baseball,7.3577776,-3.1380796,-0.49792928
comp.graphics,-0.94955117,-9.457596,2.1031156
rec.sport.baseball,6.366834,-2.715293,-1.6044489
comp.graphics,0.8236063,3.7244537,-6.233625
rec.autos,2.0214489,-4.0124927,2.2286415
comp.graphics,0.5466024,-2.2714646,-5.035347
rec.sport.baseball,5.376313,1.3875113,-2.1230981
rec.sport.baseball,-6.35598,13.305087,0.56871474
rec.sport.baseball,7.0125012,1.7610481,0.32927662
talk.politics.mideast,-7.6945133,-0.21537791,1.9922575
rec.sport.baseball,6.867977,1.0653775,-1.0193509
sci.med,0.18450287,0.07263336,2.6695652
sci.med,-0.06582572,0.45368925,2.2068565
talk.politics.mideast,-3.2008724,5.634773,0.55191815
rec.autos,1.4274983,-3.2536838,1.255675
comp.graphics,1.0583375,-11.102027,-0.35522655
comp.graphics,2.5147548,4.1428475,-6.802367
rec.autos,0.2397597,-4.118837,-3.3606815
talk.politics.mideast,-5.166319,12.330585,-4.0745344
talk.politics.mideast,-3.4814935,1.2555734,2.0474129
sci.med,-2.0594573,3.355362,2.9868016
rec.sport.baseball,4.5365987,2.3466947,-3.7810855
sci.med,0.1947215,-1.3464136,5.046069
comp.graphics,0.6436567,5.7454886,-9.799455
sci.med,2.7267866,-3.6780245,5.721992
sci.med,-0.0055497293,-0.9508832,5.3928213
rec.autos,0.6003985,5.7627974,-2.6278765
sci.med,-1.3599942,4.7128983,1.8211604
talk.politics.mideast,-2.5241027,7.3321624,-0.08578145
rec.sport.baseball,7.724075,0.08971871,-2.717131
rec.autos,2.4019542,-2.5672038,-2.8343828
sci.med,3.414054,-6.02159,6.775294
rec.autos,0.18838024,4.8603606,-1.3284456
rec.sport.baseball,3.3325171,3.1565213,-1.9866904
talk.politics.mideast,-3.880183,-5.8256164,0.34325314
sci.med,1.1204106,-0.69669235,3.6393952
comp.graphics,3.7982657,-10.567763,-1.889901
rec.sport.baseball,4.565051,-3.2248163,0.5630229
comp.graphics,-7.272259,-0.7982903,-1.6510366
rec.sport.baseball,6.461122,1.4510746,-4.2193103
comp.graphics,0.83702606,-12.948187,-0.54959464
comp.graphics,2.1679814,3.7465284,-5.1738214
talk.politics.mideast,-6.007512,9.90572,-3.6785748
rec.sport.baseball,-3.016264,-3.0224583,0.12195136
comp.graphics,1.4047334,-10.140082,0.43544582
rec.autos,-0.5696084,-2.6743326,-0.20697282
rec.sport.baseball,7.4167986,-6.733203,1.2993402
comp.graphics,2.0802135,-11.326025,3.527473
rec.autos,2.2891352,-4.980117,1.1130631
rec.sport.baseball,-2.0463643,5.6742373,-3.1867378
rec.sport.baseball,8.505804,2.242312,-2.1004915
rec.autos,0.25576413,-1.8656228,-3.1668198
rec.autos,1.4390398,5.8640904,-1.7558515
talk.politics.mideast,-2.2784767,8.284206,-0.33852053
rec.sport.baseball,5.744931,4.3493433,-0.11111774
rec.sport.baseball,3.8900175,-3.0695696,0.59372395
rec.sport.baseball,6.3157353,-9.568991,1.2162805
rec.sport.baseball,-0.10271155,-11.715652,2.7317903
rec.autos,3.24564,-2.8455684,0.69465387
comp.graphics,-0.40237105,9.385303,-3.235844
rec.autos,1.103726,-5.04321,2.7792978
comp.graphics,0.3726022,6.605606,-5.9679003
rec.autos,-3.7785811,5.0933175,4.9977164
talk.politics.mideast,-10.024379,-0.7674757,1.9449573
talk.politics.mideast,-3.07868,0.6421539,-3.673757
sci.med,2.1858513,-2.8675551,4.242488
comp.graphics,-1.7138666,-9.620115,1.2386132
talk.politics.mideast,-3.199555,11.113482,-2.2797499
comp.graphics,-0.31863138,4.0792694,-7.414326
rec.sport.baseball,4.942421,1.0273154,0.54417986
talk.politics.mideast,-6.840993,2.6353257,0.91937655
rec.sport.baseball,8.23154,-1.0646373,1.9039043
rec.sport.baseball,5.998149,-1.5712421,0.92919916
rec.sport.baseball,7.4955,-7.063296,1.4900177
comp.graphics,-2.504361,-8.908727,-2.1257055
talk.politics.mideast,-1.9598292,5.729786,1.38968
comp.graphics,3.681298,7.8139706,-6.3992467
comp.graphics,1.1948018,-10.492354,0.322364
rec.sport.baseball,-1.5167929,9.949012,-2.218694
rec.sport.baseball,5.9237947,4.6659913,-0.69402915
rec.sport.baseball,7.2216506,-3.2867208,0.01761904
rec.autos,-1.1245401,12.21888,-1.9507109
rec.autos,0.4505018,5.113073,-1.6332397
rec.sport.baseball,5.7505937,3.1889167,1.8413455
rec.autos,-3.1515808,4.7595983,-4.030624
rec.sport.baseball,7.57177,-4.3498564,0.29371056
talk.politics.mideast,-4.3686757,3.6021929,0.5942893
sci.med,1.1149788,3.2051528,4.5140076
comp.graphics,7.144345,-9.1654625,0.47101393
comp.graphics,0.68547714,-12.681919,-0.7645438
rec.autos,1.296864,-3.2815666,-0.850446
comp.graphics,3.3603594,5.458776,-7.6009912
sci.med,-1.1361959,-0.35490248,3.0244055
comp.graphics,2.6002374,-10.826045,0.84042186
rec.autos,0.2917472,-1.2481351,-0.5667087
comp.graphics,-0.80990285,-7.864423,-0.26192003
talk.politics.mideast,-7.4067297,12.842914,1.8987635
talk.politics.mideast,-3.1088018,9.892911,-0.44892114
rec.sport.baseball,6.882514,-1.5079182,-0.44363627
sci.med,1.1545507,-3.5573025,4.936646
comp.graphics,-1.4155248,-7.975316,-0.4273171
talk.politics.mideast,-4.5477757,3.5070114,2.152728
sci.med,2.1803048,-4.962603,6.4504433
talk.politics.mideast,-3.3943877,1.4735692,-2.954413
rec.sport.baseball,-2.919342,12.6133375,1.2492472
comp.graphics,-0.8308673,-7.831925,-0.13028853
sci.med,1.8008049,-7.2473993,5.4152007
comp.graphics,2.9834857,5.395274,-7.2805114
comp.graphics,1.8158205,-14.5830145,-1.7792752
rec.sport.baseball,6.5421696,-7.1435356,0.843409
comp.graphics,0.78792167,6.0173492,-5.259235
rec.autos,5.490217,-7.5935845,1.9254987
sci.med,-1.5810803,-2.6983256,2.8523657
rec.sport.baseball,-2.754213,1.3320811,-3.1013978
comp.graphics,-2.3108282,-9.946739,-2.9900105
comp.graphics,2.1237645,-10.333663,-3.4118466
talk.politics.mideast,-5.516557,2.135439,2.6424296
sci.med,-1.778101,1.8496162,4.921863
comp.graphics,0.8174958,-11.40817,-2.0977879
sci.med,-1.225344,5.0711665,1.5173903
talk.politics.mideast,-7.634547,7.5594807,1.8933133
rec.autos,-2.8063128,3.5506651,-3.768227
rec.sport.baseball,8.39415,-2.2230372,0.21937233
comp.graphics,0.1829693,5.23877,-8.442508
sci.med,-1.5531098,5.5929523,-2.200708
sci.med,0.29629317,-3.8979914,-0.18300422
sci.med,-4.97899,0.9914719,2.441322
rec.sport.baseball,-0.41017804,-8.346857,3.0320506
rec.autos,-0.23897733,3.1796942,-0.16910428
rec.autos,0.25110564,-4.6075106,-1.8960924
comp.graphics,-2.9423196,-0.09249914,-0.5875171
rec.autos,0.08859381,4.3227243,-2.2029312
comp.graphics,1.6467637,6.5860624,-6.6661057
sci.med,-7.1586595,15.387136,0.57503647
comp.graphics,0.8429583,-10.962375,0.40770772
talk.politics.mideast,-7.8373933,8.014878,1.2189496
rec.autos,-3.8745534,3.1210234,-5.620338
comp.graphics,2.296701,-12.526376,1.3173352
rec.sport.baseball,-4.4537416,3.030335,-5.2048063
rec.sport.baseball,7.569824,-1.7543433,-2.494051
rec.autos,-0.61511093,7.849472,-2.017519
talk.politics.mideast,-5.0506454,1.7316241,-0.024246665
rec.sport.baseball,-7.154869,13.945569,0.03639713
rec.sport.baseball,8.036774,-3.9047847,2.9296741
sci.med,-0.7297938,9.143863,0.11984099
rec.sport.baseball,6.986682,-5.954014,4.393279
comp.graphics,0.6105731,-9.143433,-2.0316205
sci.med,-2.8468235,2.194754,5.292966
comp.graphics,-0.27522138,6.5457306,-5.7293215
talk.politics.mideast,-2.6502557,4.207854,3.1826372
rec.autos,-4.501486,2.372738,-4.8554335
sci.med,-0.3712187,0.3426635,5.4214725
rec.sport.baseball,-1.5028038,10.365206,-2.1674182
rec.sport.baseball,8.106134,-0.5838478,1.8875506
sci.med,1.4386883,2.518428,4.2601447
rec.sport.baseball,6.0474906,2.058862,-3.7514057
rec.autos,0.88886863,2.4156363,-1.3184118
comp.graphics,-1.2830032,3.967291,-6.8117485
sci.med,-0.23602098,0.40682516,5.685907
rec.autos,2.6669564,6.9625688,-2.7302618
talk.politics.mideast,-3.7178614,5.3083777,0.2769096
comp.graphics,-5.843712,-1.6418594,-1.3007879
comp.graphics,1.0445238,-10.883424,1.4700352
talk.politics.mideast,-4.472437,1.4710971,4.019723
comp.graphics,1.5381559,4.0174794,-8.056673
comp.graphics,-1.3456708,11.42598,-5.3793597
talk.politics.mideast,-6.0898724,1.8818123,1.2973044
comp.graphics,-1.9011887,-10.894884,-0.96356624
rec.autos,2.2745485,-6.8068423,0.83038545
sci.med,-1.2822107,6.7592263,-0.95431674
comp.graphics,-1.1277529,6.9114957,-3.5736086
rec.autos,-0.14718822,-9.1580515,2.8871787
sci.med,1.523101,-3.8016486,7.3847113
rec.sport.baseball,7.1190434,-1.6296213,0.4423149
sci.med,1.1656154,-6.469598,7.0322833
comp.graphics,3.704407,-10.138896,-2.8464255
comp.graphics,-1.0006737,-10.388577,-1.3800094
comp.graphics,-5.2170234,11.486573,-2.7679498
rec.autos,-0.77147627,10.9011,-0.9259989
rec.sport.baseball,3.5592697,2.2804804,-1.2443438
talk.politics.mideast,-6.9349375,4.2730494,0.63420236
rec.sport.baseball,6.6278276,0.21030341,-1.3604438
sci.med,-3.4439852,11.136852,-2.5636592
sci.med,-8.430764,8.455122,-0.65678024
sci.med,-1.357331,4.5388227,2.8621356
sci.med,-2.1948435,4.0844526,4.488951
rec.sport.baseball,-1.5641421,1.0032715,-3.2578743
talk.politics.mideast,-4.716787,6.9510803,-0.5448194
rec.sport.baseball,1.0264184,-11.196926,2.3557093
comp.graphics,1.7873535,-11.715388,-2.6901615
sci.med,-6.4432173,8.56741,-0.35481682
comp.graphics,1.0532753,4.1883063,-8.162331
rec.autos,0.26793048,0.07504533,0.74874693
talk.politics.mideast,-3.609575,-0.19463962,2.9621062
rec.autos,0.7705251,7.6512003,-2.292733
talk.politics.mideast,-5.2630835,-4.8807592,3.8755548
comp.graphics,-1.6703458,12.007523,-5.4101915
rec.sport.baseball,7.565426,2.5753272,-1.4897965
rec.autos,-1.220234,3.1381571,1.9111066
sci.med,2.4870741,-3.0888557,4.190649
sci.med,1.8896943,-7.3284097,5.552865
comp.graphics,1.2507427,-10.850309,2.3524802
comp.graphics,-5.333736,9.813114,-4.23837
rec.autos,-0.9869235,5.7319093,-0.20572434
rec.sport.baseball,2.0375683,-14.691041,-0.41974205
rec.sport.baseball,6.7384996,0.6297221,1.13628
sci.med,1.9115268,1.1699018,3.925137
talk.politics.mideast,-6.696027,-0.31332213,2.278023
rec.sport.baseball,8.249766,-6.188107,0.83440125
rec.autos,-0.3775972,-4.793803,-2.7308424
rec.sport.baseball,7.835881,-4.8802996,2.8159428
talk.politics.mideast,-6.1452355,0.80582005,2.4854906
comp.graphics,1.423696,-9.193998,-2.6012886
comp.graphics,-2.6503778,4.8242717,-0.2911875
sci.med,1.5003653,1.1109002,5.6205077
rec.sport.baseball,4.4394913,-0.84733725,-1.312232
sci.med,4.2422843,-0.6712674,7.0103917
comp.graphics,1.3643224,-9.889133,-4.6579633
comp.graphics,-0.66675097,-10.705024,-4.1722507
talk.politics.mideast,-3.1963263,5.265477,-2.461977
rec.autos,-1.4139122,-6.8907633,-1.3729982
comp.graphics,-0.7967116,7.6069307,-4.17543
talk.politics.mideast,-5.179876,9.9248905,-3.0803888
talk.politics.mideast,-4.2245107,-1.1173118,4.0381126
talk.politics.mideast,-4.013481,-2.1424286,1.7310423
comp.graphics,-1.571826,7.4171205,-4.650585
rec.autos,-1.428387,-4.019575,-0.7295032
rec.sport.baseball,-0.964579,10.769003,-0.5325423
rec.autos,-0.5017196,-11.436436,2.235566
talk.politics.mideast,-4.582909,-0.056150027,2.3233051
sci.med,-0.2080278,1.016021,5.4903502
comp.graphics,1.4853731,6.7683783,-7.335974
talk.politics.mideast,-9.953305,-0.5683134,2.7121212
talk.politics.mideast,-4.6708965,6.898802,-0.39156002
talk.politics.mideast,-2.0425432,9.213407,0.20519023
rec.autos,-0.32510254,-2.9849908,0.7587925
rec.autos,-3.2762463,-5.638464,-0.84377164
rec.autos,2.1506293,3.560941,0.49461251
sci.med,1.6783375,-1.9639599,5.956604
comp.graphics,3.9002597,-12.571902,-1.3715388
sci.med,-1.8526391,-2.9899971,5.779748
talk.politics.mideast,-1.5360816,12.152373,-0.78541255
talk.politics.mideast,-4.1223736,2.6655774,1.8225646
comp.graphics,-1.2156986,4.2976127,-8.710691
rec.sport.baseball,0.14373718,8.4466915,-0.49956724
rec.autos,1.2408562,-0.49342263,-0.62901676
sci.med,-1.0474077,-5.12875,4.963338
rec.sport.baseball,-4.1811485,4.0519733,-4.154991
rec.sport.baseball,5.234953,1.2766311,0.6793946
comp.graphics,0.9603904,5.4832883,-2.9026797
rec.sport.baseball,6.874201,0.29379123,-1.1364316
sci.med,-6.207567,-4.8702235,1.5256504
rec.sport.baseball,-3.9340882,-2.3328214,1.5025798
comp.graphics,-0.987617,8.0472975,-5.4470778
rec.autos,0.70371825,5.364298,-2.3254254
rec.autos,0.300841,5.540816,-2.9029605
comp.graphics,3.1595368,7.238328,-6.9119396
rec.sport.baseball,7.816366,-8.14332,3.2758725
rec.autos,4.858205,-6.2342973,4.1792483
comp.graphics,0.4908306,4.777366,-5.985824
sci.med,1.4875584,-3.4366302,6.3786488
comp.graphics,-0.7338639,7.3396072,-5.207498
rec.sport.baseball,6.7884345,-2.790057,1.5087368
sci.med,1.7164797,4.686224,1.29872
sci.med,3.9866416,-5.5048494,6.768322
rec.autos,4.132564,-8.726378,0.8602918
talk.politics.mideast,7.3535233,-8.251299,3.892224
comp.graphics,-0.05980415,6.2746196,-5.2395644
rec.autos,5.5842104,-8.526063,2.4525752
sci.med,1.2273089,5.4462767,3.753676
rec.autos,4.1877646,-6.785627,-0.89309216
talk.politics.mideast,-5.141852,12.192932,-4.038829
talk.politics.mideast,-3.8113656,4.8904014,-1.3977914
sci.med,0.8329863,1.9852977,6.366483
comp.graphics,-4.3021135,5.3163605,-5.126272
rec.autos,2.681496,-8.348797,1.682959
rec.sport.baseball,6.1842227,0.30289835,-1.236807
rec.autos,7.4273715,-9.555629,5.37676
rec.sport.baseball,5.3916125,2.543132,-1.1850334
talk.politics.mideast,-4.3099227,8.048538,-1.1145334
comp.graphics,-0.51883733,7.669512,-4.7821617
talk.politics.mideast,-6.5301347,6.8114305,0.9023817
comp.graphics,3.8620262,-9.046873,-0.5344544
comp.graphics,-0.3469923,4.8812847,-7.11688
rec.sport.baseball,1.3495518,7.840336,-0.5362304
sci.med,0.044780977,-2.771757,5.86189
sci.med,-6.9185724,12.617829,0.3727869
sci.med,0.42508304,-3.047094,6.616493
talk.politics.mideast,-3.5503423,6.557369,-0.42031533
rec.autos,0.1364724,-1.3935441,-4.3239036
rec.autos,-0.63651717,3.4078724,-0.4242528
talk.politics.mideast,-4.5076537,-3.0270157,0.07712413
rec.autos,-3.4038184,2.195742,-0.22752656
rec.sport.baseball,6.3260493,2.3427007,-1.9683878
rec.sport.baseball,0.6193906,9.291206,0.15911348
talk.politics.mideast,-2.1896653,0.84535575,1.7467818
rec.autos,5.328431,-7.499672,5.020408
rec.sport.baseball,6.6770287,-0.2051274,-2.2240973
rec.sport.baseball,6.0777893,0.27036002,-5.386228
talk.politics.mideast,-9.987558,-1.1805154,1.8487847
talk.politics.mideast,-9.402041,-0.12267203,3.36012
sci.med,-1.1426373,0.8198752,7.7028847
talk.politics.mideast,-7.0554504,0.4014626,1.1634448
sci.med,1.9742737,-0.82056254,3.9459045
sci.med,1.9617345,-0.23462918,4.097806
sci.med,1.6304911,-4.1332445,7.609031
rec.autos,-1.3586133,1.7893437,-6.677766
sci.med,1.6352173,-0.9665769,7.680876
rec.autos,2.044417,1.1796885,1.2805743
comp.graphics,-1.8819177,-10.29947,-3.5813057
comp.graphics,-1.9102412,-9.214072,0.81974983
sci.med,-1.4014574,5.096163,1.6536905
talk.politics.mideast,-7.3555384,14.304157,1.3140012
rec.autos,-0.81330127,-8.453561,1.2549732
talk.politics.mideast,-8.152296,-0.36594987,2.1203754
talk.politics.mideast,-7.126875,4.198262,1.4235572
talk.politics.mideast,-1.3688647,6.9911366,0.55818284
talk.politics.mideast,-2.277093,9.357325,-1.2941912
rec.autos,1.3442507,-7.068373,0.66650057
comp.graphics,-0.5674543,8.323121,-2.7625937
rec.autos,-0.3790485,-11.414223,2.1939878
sci.med,0.8239892,-1.6030465,6.610038
comp.graphics,-0.68347454,-6.450215,2.4744725
rec.sport.baseball,7.695329,-10.013865,1.8937558
comp.graphics,0.5846859,-13.770709,-0.8360031
sci.med,0.63590336,4.8356776,4.597908
rec.autos,-0.927055,0.83257866,-3.3942442
sci.med,1.8067266,0.76066947,6.2492404
rec.sport.baseball,6.260549,0.9536375,-0.5801959
rec.sport.baseball,6.2539916,-7.26201,1.6412257
rec.sport.baseball,-3.7017417,-4.8339367,4.631382
comp.graphics,0.9636135,-12.960767,1.0782604
talk.politics.mideast,-3.0797713,8.800794,1.7079365
sci.med,0.69590974,3.8402429,4.2635565
talk.politics.mideast,6.5482254,-11.108936,1.0255
sci.med,1.2928292,2.2507734,3.8748808
sci.med,0.9778581,-2.2850995,4.9988513
comp.graphics,0.4430416,-10.687401,-0.14678438
sci.med,-2.387845,2.1870506,-5.921706
comp.graphics,1.4596323,6.264464,-6.3670073
rec.autos,-3.9653008,5.154228,-4.269335
rec.sport.baseball,1.3610772,7.704053,-0.6012407
rec.autos,3.7848096,-6.566023,0.7835372
talk.politics.mideast,-9.927216,-0.6625273,2.6131997
rec.sport.baseball,7.803315,-2.9579494,-0.1409661
comp.graphics,-3.9547997,2.7391448,-5.7885456
sci.med,1.6757998,1.1734761,3.2287266
rec.sport.baseball,-6.7411666,9.96576,0.0020356264
sci.med,5.098722,-6.1856117,2.6491385
rec.sport.baseball,-1.2669997,11.525414,-1.1925682
rec.sport.baseball,4.8928843,0.8378262,-1.8545338
rec.autos,0.2569079,9.837396,-0.8998066
comp.graphics,2.032262,-10.014542,0.66700935
sci.med,2.0372732,-4.160652,4.818055
sci.med,0.6672741,-6.9855013,4.762759
talk.politics.mideast,-3.16585,5.8212023,1.9202254
rec.sport.baseball,-3.1734881,5.606403,-2.825747
rec.sport.baseball,3.5746682,-8.464935,2.5311868
comp.graphics,1.0157058,2.4257314,-4.5896745
rec.autos,1.1026742,-0.550937,-0.35817114
talk.politics.mideast,-4.274834,4.5784645,-1.6716352
talk.politics.mideast,-5.4873033,8.157082,1.0593235
rec.autos,5.0638633,-6.411314,4.385526
sci.med,1.1491528,3.1388376,2.7178555
comp.graphics,-1.3730274,11.538845,-5.5243306
talk.politics.mideast,-2.242273,9.544183,-0.75202733
rec.sport.baseball,9.44959,-1.6566739,-0.54937625
rec.autos,-0.06589198,-2.2991762,-4.2728953
talk.politics.mideast,-6.23315,0.3572888,1.8457322
comp.graphics,-5.796165,11.268392,-0.6988634
talk.politics.mideast,-7.5611405,2.295768,4.214737
rec.autos,0.060163725,5.5525146,-2.6031861
rec.sport.baseball,3.9258525,1.5354131,-3.6932933
talk.politics.mideast,-1.5408785,11.151515,-0.5998483
sci.med,1.6262546,2.4229603,5.162641
sci.med,1.671323,4.062784,1.4427792
sci.med,-1.3662927,-7.2462983,-1.1499808
sci.med,1.0271893,-3.0078442,7.5862727
rec.autos,-0.2569014,-0.18144837,-1.9755249
comp.graphics,0.26256725,5.8293886,-3.1572466
rec.sport.baseball,7.9873796,-2.0260844,-0.35089204
rec.sport.baseball,7.1679,-2.8200417,0.006426788
talk.politics.mideast,-3.4346428,5.981153,0.24855699
sci.med,2.7420986,-3.128262,5.9643517
talk.politics.mideast,-5.556641,-1.1793294,2.122526
rec.sport.baseball,6.4725122,-5.9956045,3.0340004
talk.politics.mideast,-2.6859858,4.6563864,2.790827
talk.politics.mideast,-4.5635543,3.1300666,2.5007248
rec.sport.baseball,-2.5545232,11.930824,-0.86768293
comp.graphics,-1.1687596,4.4377027,-7.292873
comp.graphics,0.3129929,5.5820065,-8.976353
rec.sport.baseball,-3.6246235,4.966745,-3.9654348
rec.sport.baseball,7.850251,0.46244085,-2.6130984
sci.med,-1.2392576,11.246174,-5.425832
comp.graphics,0.98393697,7.0739,-7.0287833
rec.sport.baseball,5.4366894,3.703998,-2.3679419
talk.politics.mideast,-7.323104,-0.93101734,2.489245
rec.autos,1.1465846,2.9791899,-1.3061799
rec.sport.baseball,8.17546,-7.9833817,0.68225646
comp.graphics,-0.8106713,5.2768097,-6.1281395
rec.sport.baseball,5.7625704,3.8050225,-2.4349775
rec.sport.baseball,5.597916,-0.60365105,-2.6965182
rec.sport.baseball,5.7212195,-1.7787153,-0.33007172
sci.med,1.3292166,2.9086447,-5.2120233
talk.politics.mideast,-8.748773,0.09031351,1.4268359
rec.sport.baseball,1.2880213,8.125208,-0.21405786
comp.graphics,2.9516675,4.3742247,-8.140202
sci.med,-2.6708808,1.3303515,-5.3211627
rec.sport.baseball,5.2188163,-1.6190559,-1.8714051
comp.graphics,-1.0936338,-9.014441,-2.3733013
talk.politics.mideast,-2.5585494,7.09912,-4.8525114
talk.politics.mideast,-7.053469,-1.1363438,3.109102
rec.sport.baseball,-1.9704994,11.044471,2.768234
comp.graphics,-0.9834696,-10.21737,-2.663559
talk.politics.mideast,-8.138546,3.5027747,1.2166296
comp.graphics,0.105800524,3.791107,-8.571599
rec.autos,0.4242957,-1.6639322,-0.39179584
rec.sport.baseball,5.110453,0.62075794,-1.771984
rec.sport.baseball,4.5780444,3.6766076,-1.4951711
rec.sport.baseball,8.0677595,1.6314578,-1.8356067
rec.autos,-3.232708,-2.444948,3.5401897
talk.politics.mideast,-1.6433135,7.7866516,-1.0668435
talk.politics.mideast,-2.1352906,1.8622862,0.35394588
sci.med,-0.8700466,-3.945639,5.488469
sci.med,-7.4002485,10.288657,-0.14903632
talk.politics.mideast,-4.148989,2.5112543,0.8634428
sci.med,0.8891186,2.163455,3.4558372
talk.politics.mideast,-3.3428547,5.8090587,-0.5470393
rec.autos,-0.12683049,0.019953031,-1.3059001
rec.sport.baseball,6.025034,2.1209426,-0.5684561
rec.sport.baseball,5.822615,1.9987903,0.542182
rec.autos,-3.8325102,2.5554554,-5.2853312
comp.graphics,0.2766744,-9.9422455,3.2287061
rec.autos,4.5449386,-6.572466,-1.3719984
sci.med,-2.6180768,-2.3283844,6.5490627
talk.politics.mideast,-4.554848,3.2593224,2.4809346
sci.med,-2.6206622,3.1014912,5.4388375
talk.politics.mideast,-5.693251,4.008295,2.063082
sci.med,2.3712842,-5.2357163,4.2403407
sci.med,1.5990489,-4.6919537,8.044992
comp.graphics,1.3349128,-13.309008,-0.73625326
sci.med,-2.081341,4.843846,3.739234
rec.sport.baseball,2.6656635,-10.390216,2.2549646
talk.politics.mideast,-6.6808143,1.7822459,0.85796684
sci.med,-4.86745,10.935352,-3.7951016
rec.sport.baseball,8.160206,-3.0899844,0.42535335
comp.graphics,0.5590268,-9.167381,-1.6960472
comp.graphics,-1.3987799,-13.04895,-1.0283422
rec.autos,3.4382162,-9.705313,2.1934845
rec.autos,-1.4049696,-1.8991812,-0.7092389
rec.sport.baseball,7.369901,-0.5759964,1.5438191
rec.sport.baseball,-8.071241,14.842729,0.6299928
rec.sport.baseball,4.9991207,1.8473966,-3.3682358
rec.autos,1.4255167,-3.8411515,1.6601094
talk.politics.mideast,-4.9321346,0.99483263,2.4809515
rec.sport.baseball,5.5128765,3.221912,0.32019114
rec.autos,-0.23041299,9.753321,-1.6517246
comp.graphics,0.8507534,8.956555,-2.506917
comp.graphics,-3.2606137,2.8700528,-5.229972
talk.politics.mideast,-4.6915703,0.2135371,1.7447721
rec.sport.baseball,3.9105897,2.365724,-1.4564838
rec.autos,-1.9833106,2.3532767,-5.777296
rec.autos,1.6681879,-7.588319,1.9256744
comp.graphics,2.3794584,-12.062264,-1.7398782
comp.graphics,5.0326247,-10.382907,-1.5707166
rec.autos,-0.008854215,-3.9738188,-0.092801005
rec.autos,3.8634582,-6.636857,2.4405172
comp.graphics,2.8443167,-9.042493,-4.945259
rec.autos,5.1704583,-7.6435647,2.3648126
sci.med,1.3217809,1.8966883,6.3994246
rec.autos,-3.2622583,1.6744758,-2.8160038
rec.autos,-8.845434,13.112938,0.4184966
rec.autos,-1.6922041,-2.1111126,-3.7655554
rec.autos,2.8632581,-7.219166,-1.5423044
sci.med,-7.2198,12.634822,0.29182777
sci.med,4.5974517,-7.3547335,3.046334
rec.autos,-2.323701,10.7539425,-2.51428
comp.graphics,-7.0617285,-1.2411869,-1.9211676
sci.med,1.3687617,5.9032254,1.8614713
talk.politics.mideast,7.156165,-8.641445,3.8400822
sci.med,1.5170574,0.8336247,5.567795
rec.autos,2.9161713,-7.9009748,1.1308542
comp.graphics,-4.132673,3.676544,-6.048984
comp.graphics,0.39636576,-10.585814,-2.8921626
sci.med,0.2772662,-0.5467551,7.525879
rec.autos,-0.70865464,11.962236,-0.58486193
rec.autos,-0.09015475,-0.8643501,-2.4981153
sci.med,0.9896499,5.7937803,3.1216793
rec.sport.baseball,2.1948946,0.8885734,-3.0473049
sci.med,-1.28082,5.082112,-1.8576428
rec.autos,-0.7704069,-6.514677,0.058022175
rec.autos,1.1319577,6.39604,-1.6315023
comp.graphics,0.989528,3.3723626,-5.435109
talk.politics.mideast,-3.5413313,4.7120123,-5.0862727
talk.politics.mideast,-5.1961207,3.9265554,0.43302938
comp.graphics,-7.206722,15.448159,0.54172444
rec.sport.baseball,5.948227,2.6364346,-2.167587
rec.sport.baseball,4.6377172,-1.1022819,-0.9171675
rec.sport.baseball,8.258934,1.9469099,-2.0230677
talk.politics.mideast,-4.8355618,2.7925615,0.81925654
rec.sport.baseball,4.7851305,0.0040874607,-0.73786706
comp.graphics,-8.614054,12.005437,0.28676507
rec.sport.baseball,9.686472,-5.006514,0.7839284
talk.politics.mideast,-2.2548835,4.5505133,2.3363545
rec.autos,0.16469672,8.760935,-2.902738
sci.med,-1.8844942,3.539683,3.5066302
talk.politics.mideast,-9.737564,-0.023821503,2.9123597
rec.autos,2.1683319,-5.4908314,1.2219913
comp.graphics,-1.6953297,12.050652,-5.426033
talk.politics.mideast,-6.5230737,6.461108,1.0414149
rec.autos,3.423721,-9.460648,1.7224153
rec.autos,1.0098939,-3.1912637,-1.4528097
rec.autos,-1.5285223,-2.5717492,-0.56427604
sci.med,4.0324445,1.7114762,5.961408
rec.autos,0.35224825,5.7312117,-3.9502618
sci.med,1.5581295,-3.513661,5.6077676
rec.autos,0.70055735,-2.900892,-1.6387568
rec.sport.baseball,-4.342704,3.3444848,-4.368229
talk.politics.mideast,-5.5281034,-0.69818306,4.542995
talk.politics.mideast,4.618262,-9.172816,5.543244
sci.med,2.9640954,-3.2227316,6.1603847
rec.autos,0.12749095,-5.5920053,-1.2697618
talk.politics.mideast,-9.635206,-1.2813153,1.7742504
sci.med,1.5210227,0.18983944,8.023744
rec.sport.baseball,-0.49261627,7.750461,-0.60107595
comp.graphics,1.1073673,3.4845493,-4.8745584
rec.sport.baseball,7.8331203,-9.154827,5.3070693
talk.politics.mideast,-7.904612,0.33890474,1.8808564
comp.graphics,0.59792507,-9.238966,-0.33249015
rec.autos,1.0122793,-2.6710684,-0.80814475
rec.autos,0.8894718,7.5997267,-2.3015559
sci.med,1.2392117,1.0754747,6.0893445
rec.sport.baseball,6.145736,0.80765045,-1.7191317
sci.med,1.7310498,-8.025251,5.1576815
talk.politics.mideast,-6.404537,2.431162,0.43337983
sci.med,2.1882083,-3.0396266,3.6596234
comp.graphics,-1.6078023,-9.818201,2.0943067
comp.graphics,0.9735869,-11.808198,0.80605257
rec.autos,0.91848844,-1.0122072,-1.2966056
rec.autos,-0.86575717,11.223643,-1.4697653
rec.sport.baseball,5.788342,3.715529,-2.354893
sci.med,-8.399513,8.462262,-0.4459278
rec.sport.baseball,8.506733,-4.1936684,-0.080509976
rec.sport.baseball,6.08705,-4.8999143,-2.8997743
rec.autos,1.2462361,-3.6133537,1.1723895
comp.graphics,-1.4979333,-9.589189,-3.7415726
talk.politics.mideast,-7.412873,-1.904014,1.752897
talk.politics.mideast,-2.087407,5.9234667,-1.4668666
comp.graphics,-0.4014567,-11.735287,-0.3053658
rec.autos,4.067096,-6.370341,1.4716383
rec.sport.baseball,-3.6508856,5.8296065,-3.9678051
sci.med,1.9740043,-5.421364,5.772096
comp.graphics,0.81638587,4.1858244,-7.8959494
talk.politics.mideast,-6.571902,5.0364323,0.27385044
talk.politics.mideast,-5.707126,3.6097224,-1.3015708
rec.sport.baseball,4.528472,-1.3322423,-1.7883252
sci.med,3.9089599,-5.5762568,6.5604663
talk.politics.mideast,-6.010594,1.9086763,0.026568256
talk.politics.mideast,-6.313712,-4.262796,2.3912067
sci.med,0.5749433,0.83719313,3.975455
talk.politics.mideast,-4.053671,-0.73467785,3.7854185
talk.politics.mideast,-9.42821,0.768141,0.53217494
talk.politics.mideast,-3.9805055,-5.028476,3.4464602
comp.graphics,-7.0418167,13.132661,-0.5044976
comp.graphics,3.1795466,5.3997803,-7.417433
rec.autos,3.0157485,-7.8481064,0.2111709
rec.autos,0.7944011,-5.323824,0.5187452
rec.autos,9.073462,-7.788813,2.1262023
rec.sport.baseball,6.8551455,-1.6492438,-3.5483751
comp.graphics,-8.087015,12.289209,-0.51465136
talk.politics.mideast,-7.0024505,11.466211,0.43583596
rec.sport.baseball,6.434149,-5.9920774,0.7737344
sci.med,1.3623657,4.1289344,2.0708344
rec.autos,-1.8336724,0.8333387,-4.2612157
sci.med,2.7103448,-3.640898,5.9547253
rec.sport.baseball,-1.4590119,8.816611,-1.7538006
rec.autos,-0.9952307,-2.1420689,-1.0661578
sci.med,-1.821659,3.4437788,5.162816
talk.politics.mideast,-2.0224056,3.5280259,3.4738057
rec.autos,1.3934826,-3.6683595,-0.2807857
rec.autos,-2.946078,2.3569922,1.224171
rec.autos,6.163819,-7.7062488,4.954736
talk.politics.mideast,-3.0671139,6.9422293,-3.4805834
sci.med,0.91746587,0.8568723,5.0782633
rec.sport.baseball,4.5996337,0.37957922,-1.542412
sci.med,1.4498931,0.2620218,6.3674445
comp.graphics,0.8061038,-12.5732765,-0.7462427
comp.graphics,-2.2870374,-2.5367303,-2.0543437
sci.med,-2.0706494,4.0257955,3.796967
rec.sport.baseball,2.605308,-10.638971,3.1417723
sci.med,-0.4102009,-2.545282,6.307034
talk.politics.mideast,-3.575138,1.5969963,1.8140122
sci.med,-3.086915,0.46617433,3.0334291
comp.graphics,-3.7156146,0.44317436,-3.2349703
sci.med,2.8470542,-6.4034657,7.7437654
rec.autos,-0.17977704,5.291218,-0.29968673
talk.politics.mideast,-2.836715,5.667208,1.8266377
rec.autos,0.70566726,-2.7822611,-2.297569
talk.politics.mideast,-3.9371343,-2.4321299,5.1023436
rec.sport.baseball,8.226995,1.8831928,-1.9117724
talk.politics.mideast,-7.147008,3.8058236,0.77481496
rec.autos,1.7893573,-3.594367,0.8805792
rec.autos,0.7856384,3.907005,-0.2094326
rec.autos,2.0489051,5.090892,-2.6251352
comp.graphics,2.540983,-8.837344,-5.0311046
rec.sport.baseball,-2.8091903,3.190079,-5.016898
comp.graphics,2.9009054,-11.560112,0.21111183
rec.sport.baseball,-2.283378,4.9792013,-3.3419547
comp.graphics,-7.715899,15.519444,0.54713327
rec.sport.baseball,6.4808674,0.86191136,-4.357969
rec.autos,5.743289,-5.9192333,1.9925281
sci.med,-2.6353743,2.4834702,2.6550777
talk.politics.mideast,-7.4501343,0.10421318,3.7780075
rec.sport.baseball,2.1181233,-10.970425,2.526387
comp.graphics,-1.5738224,-9.209842,-1.0671409
rec.autos,-1.7412419,-2.1635494,-3.8812933
comp.graphics,-3.263643,4.473455,-4.642803
sci.med,1.6371405,2.5750265,6.522958
rec.autos,2.5603297,-5.618657,0.7312072
rec.sport.baseball,6.4126954,2.0516944,-4.974399
rec.sport.baseball,5.2328515,1.0030017,0.54731005
talk.politics.mideast,-4.9277954,-1.0043194,4.4327383
rec.autos,1.1692531,4.169369,-3.1205084
talk.politics.mideast,-6.8603764,2.2793026,0.69160366
rec.sport.baseball,-1.0984751,12.313948,-1.5968177
talk.politics.mideast,-6.540073,-0.07094226,1.3637623
comp.graphics,0.4841054,4.74757,-6.074305
rec.sport.baseball,7.782496,-1.519878,1.3346902
sci.med,2.145139,1.9871469,-5.67081
rec.autos,3.1609251,-5.859209,2.2391133
rec.autos,-0.006912581,8.730717,-1.8161842
sci.med,1.7726959,0.87988734,4.4853535
comp.graphics,2.5251296,-13.485519,0.3026999
rec.autos,1.6397588,2.5994203,-7.375217
talk.politics.mideast,-4.109205,1.1592704,-4.8239894
comp.graphics,0.28873888,3.9333155,-5.8922215
rec.autos,0.74102116,-5.289077,0.6747505
rec.autos,1.8972361,-10.892668,2.8363526
rec.autos,0.025837842,2.4649138,-2.6144218
comp.graphics,-0.72718376,-13.100903,-0.4890502
talk.politics.mideast,-5.568699,2.0972164,0.17545304
rec.autos,0.31209415,-1.5652207,-0.5160841
talk.politics.mideast,-1.9285432,7.1411033,-2.4751856
talk.politics.mideast,-8.439548,0.71146363,1.6277722
sci.med,-0.74956673,3.9138143,2.6778843
comp.graphics,1.7919104,-12.730794,-2.9826329
rec.autos,-1.1327107,11.031561,-5.456742
talk.politics.mideast,-7.980474,3.1134636,1.0607971
rec.autos,1.7986925,-4.53381,1.6547449
talk.politics.mideast,-6.6581273,-1.6395968,4.776328
sci.med,-7.6063013,13.846245,0.35674077
rec.autos,6.8733587,-6.0261555,4.5399446
rec.sport.baseball,8.271298,1.0796155,0.3107989
talk.politics.mideast,-9.86722,-1.8226517,1.4741029
rec.sport.baseball,2.4204655,-10.579126,2.3415387
comp.graphics,0.8511152,-10.603251,0.33429924
rec.autos,-1.1062447,-1.6178819,-0.784817
comp.graphics,-0.9563141,-8.999352,-2.5588002
sci.med,0.7718883,1.2401946,5.06623
talk.politics.mideast,-5.0429697,-4.151283,4.551222
sci.med,-1.8695091,2.031375,4.3830953
rec.sport.baseball,0.85292155,0.7416992,-4.3550973
rec.autos,0.111187056,3.9902778,1.2607278
comp.graphics,0.7898016,-9.815315,-4.4183946
rec.sport.baseball,0.61309075,8.954566,0.6202109
talk.politics.mideast,-7.768536,8.037786,1.5255637
rec.sport.baseball,5.358398,3.5787902,-0.22992398
sci.med,-0.27230686,0.74853337,4.239125
rec.autos,1.5733806,-3.8059285,-3.0857396
comp.graphics,0.02955313,-10.604546,-2.4127657
rec.sport.baseball,6.792349,-6.9380836,3.402318
rec.sport.baseball,7.963332,0.97712326,-0.42951778
rec.autos,3.7138324,-8.1234045,0.4979827
talk.politics.mideast,-4.1225533,-3.3942745,-0.10812501
talk.politics.mideast,-7.376031,9.564717,1.6096432
rec.sport.baseball,-7.4848156,-1.85334,1.594188
sci.med,-7.402739,12.908264,0.27408785
rec.autos,-0.11364996,3.0909402,-0.32866758
comp.graphics,0.8559963,1.6200182,-6.0940876
comp.graphics,0.13501664,6.0540433,-5.478992
rec.autos,2.1095679,-4.8848996,-0.29424578
talk.politics.mideast,-2.4462326,-3.5662766,5.217751
rec.sport.baseball,7.3799925,-5.651288,1.6389763
rec.sport.baseball,-7.531554,12.432482,0.890102
comp.graphics,-6.988871,-1.3887949,-1.6046196
comp.graphics,2.5430398,-9.093793,-4.7735443
talk.politics.mideast,-7.1241846,8.089545,1.5148402
comp.graphics,3.1429102,-10.292709,3.3519735
comp.graphics,-3.3553505,4.90179,-0.1722563
rec.autos,-1.0814816,-5.5146127,-2.8215744
rec.sport.baseball,7.624874,0.11076236,-0.021750659
sci.med,7.5068297,-9.596474,5.4206424
talk.politics.mideast,-6.3829017,-4.114829,0.92779565
talk.politics.mideast,-1.0749071,12.676144,-0.7818755
comp.graphics,2.1802359,-9.08809,-4.576628
sci.med,1.813523,-4.8663807,5.471372
rec.autos,2.2991836,5.993143,-2.7479358
comp.graphics,0.5073244,6.8126535,-3.7002118
rec.autos,0.22306314,10.722195,-1.8983655
talk.politics.mideast,-2.9523304,10.743105,-0.6188139
rec.autos,3.854688,-3.8888981,-1.2359884
rec.sport.baseball,6.59673,-0.6044794,0.40824044
rec.sport.baseball,-1.3032403,10.841846,-1.6991322
comp.graphics,0.9609403,3.110296,-6.967859
comp.graphics,0.6778249,-7.953416,-1.7051688
talk.politics.mideast,-4.910212,2.4698274,2.2380457
sci.med,-5.7034793,8.439075,0.75489324
rec.sport.baseball,5.6311207,3.4467354,-0.4789021
sci.med,0.38016957,-0.71259785,2.2961533
talk.politics.mideast,-2.8565943,6.7544584,0.9827553
talk.politics.mideast,-3.5319746,5.269404,0.24784587
talk.politics.mideast,-8.683271,0.64543337,1.8964051
comp.graphics,0.2898125,-9.318384,1.4163556
talk.politics.mideast,-7.6300497,3.730655,2.4052277
rec.autos,1.6629477,-6.2073593,-0.51971096
rec.autos,1.7316234,-6.011861,-1.9806638
rec.autos,-0.16722374,-4.463942,-2.7806768
talk.politics.mideast,-4.5700927,-0.07307796,3.2637663
sci.med,-6.9098315,12.546082,0.3656732
talk.politics.mideast,-5.1657925,0.62517554,5.293006
rec.sport.baseball,7.733703,-1.9631386,0.5833067
sci.med,-2.3179326,0.43891156,5.4067225
rec.sport.baseball,-1.7439672,-5.9741125,3.419096
sci.med,1.1614933,0.47498482,5.4457417
rec.sport.baseball,6.3766026,0.5885071,-2.2421002
rec.autos,3.1063106,-9.310261,1.938821
comp.graphics,-1.5796835,-10.207504,-2.3902965
sci.med,-0.7392827,-12.029206,2.4889402
sci.med,2.0943053,-7.035879,6.0240808
rec.autos,1.3232008,4.269513,-0.9792525
rec.autos,-3.625584,10.396743,-3.04664
rec.autos,-0.11845044,4.438191,-0.7191167
sci.med,0.13821805,-0.7710939,5.7755394
rec.autos,-0.4096425,-3.800945,-1.5478959
sci.med,2.4385073,-4.3738437,8.141199
talk.politics.mideast,7.865318,-8.598139,4.29512
talk.politics.mideast,-2.3262558,7.8897705,0.18968704
talk.politics.mideast,-6.333951,1.0437727,2.406479
sci.med,-2.7309043,1.5755824,5.3410535
sci.med,1.0560623,1.8130307,3.5125792
sci.med,-6.650969,13.059082,0.27299726
sci.med,1.0942162,1.309927,4.0172343
rec.sport.baseball,4.4899683,-0.7319994,-3.4144866
rec.autos,-0.33925587,2.8214312,-1.6139358
rec.autos,-0.4388183,2.7285953,0.55793434
comp.graphics,2.351982,3.6899655,-6.810713
rec.autos,2.1445847,-9.636831,3.1643915
sci.med,1.7273978,-1.0169202,4.5578694
comp.graphics,0.014485458,-11.906926,-1.337782
comp.graphics,0.92922705,1.8071835,-5.959743
rec.sport.baseball,5.9821258,3.7434387,-0.21436381
rec.sport.baseball,-2.2647996,5.832675,-3.3538432
talk.politics.mideast,-4.8717623,1.5640156,2.4924738
sci.med,0.7894857,-6.909367,5.0016975
comp.graphics,3.3645537,5.5994053,-6.0840216
rec.autos,0.6010962,-4.7790184,1.7133956
sci.med,1.6096654,-4.5147004,6.9428835
talk.politics.mideast,-4.076333,1.1428496,0.9859813
sci.med,-5.896393,10.024452,-3.5666244
comp.graphics,2.9705467,-7.774122,3.4515576
sci.med,2.3886719,-4.4338512,5.6028423
rec.sport.baseball,4.4083934,-1.7445196,2.6980493
comp.graphics,0.9314445,2.4308453,-4.5185957
rec.sport.baseball,3.3476627,0.616017,-2.048604
rec.autos,1.7223405,-2.3403728,1.5613691
rec.sport.baseball,-7.026327,14.045093,0.38387161
rec.autos,4.5336165,-5.632784,-1.1088396
rec.sport.baseball,0.6889884,7.122329,0.080327414
comp.graphics,-4.4494424,3.14766,-7.208486
rec.autos,2.6032786,-4.811929,2.2183821
talk.politics.mideast,-6.116084,2.3984468,-0.62579453
talk.politics.mideast,-7.4330277,7.576848,1.7757378
rec.sport.baseball,-1.5247842,6.2574387,-2.0745943
rec.autos,-2.302901,-2.7362158,-2.0789382
rec.autos,-1.0962118,10.842553,-1.4556377
sci.med,-6.81112,13.125633,0.23590413
comp.graphics,-8.811843,11.744582,0.49430475
comp.graphics,0.8669749,5.0895176,-5.0109444
comp.graphics,0.51135474,5.6023273,-6.363755
rec.autos,4.844387,-6.70651,-1.41432
talk.politics.mideast,-10.03593,-0.62485,3.1962337
sci.med,-1.36952,2.5014162,2.8498158
rec.sport.baseball,-4.1933208,2.5272036,-4.2343493
talk.politics.mideast,-3.8746836,6.6149774,0.9799765
rec.sport.baseball,7.6999984,-3.7506244,-0.08179525
rec.sport.baseball,5.195215,-0.53116924,-4.028192
sci.med,-7.2005186,12.66469,0.114963114
rec.autos,0.1252934,-4.524591,-0.08993307
rec.autos,-1.044505,4.5575666,0.18748222
sci.med,-2.445211,7.2568674,-4.472505
rec.sport.baseball,8.870674,-0.10656732,-1.4308692
sci.med,-1.1189134,0.7525145,3.6019242
sci.med,-1.3805985,1.7506379,4.427963
rec.autos,-0.38538128,2.882582,-1.6204044
comp.graphics,-0.14046793,-11.058989,1.3239344
rec.autos,-0.78631675,12.130188,-0.8143865
rec.sport.baseball,6.8501325,3.0057933,-2.5276237
rec.sport.baseball,8.809679,-4.988807,1.256045
rec.autos,1.5766997,-3.9472907,-2.1791134
rec.autos,1.3957174,-3.2373114,-1.2609543
rec.autos,1.7655932,-0.57298285,0.04005095
rec.autos,0.1344326,-1.5386186,-2.8004825
sci.med,-7.493131,10.858706,-0.40911368
rec.sport.baseball,1.7093432,1.4930447,-2.579931
talk.politics.mideast,-4.11585,-0.43148607,3.57665
rec.autos,1.8110449,-3.3302412,2.7822592
rec.sport.baseball,6.3993497,-6.709389,0.54014707
sci.med,2.9262462,-0.9394909,6.7024636
talk.politics.mideast,-1.9678097,10.837308,-0.8974778
sci.med,-2.2214289,-3.3722553,7.01966
talk.politics.mideast,-6.156301,6.775349,1.0580462
sci.med,-5.850601,-1.4395027,-1.3876628
sci.med,-5.0229077,1.2424496,-3.1647544
rec.sport.baseball,6.776142,2.2843115,1.5936799
talk.politics.mideast,-3.714676,6.1626368,-0.36904246
rec.autos,3.7900107,-6.558813,-1.2068756
rec.sport.baseball,6.5049496,-0.32434094,-0.9234557
comp.graphics,-0.5958226,-10.976007,1.1844186
talk.politics.mideast,-6.8328648,1.1670841,1.8883793
rec.sport.baseball,4.9727354,-1.4762902,-3.7590187
comp.graphics,3.8424995,-10.237665,-2.4546332
rec.autos,1.7231724,5.845869,-1.6053368
talk.politics.mideast,0.6112157,-9.706436,4.3563952
sci.med,0.73774225,-2.7798853,5.4402785
comp.graphics,-0.059256107,-11.174085,0.37839267
rec.autos,3.9042048,-6.0764494,0.4667741
comp.graphics,-2.2331367,-12.082539,-2.7368
rec.sport.baseball,3.1798089,1.3213552,-3.6355698
talk.politics.mideast,-5.282097,-0.5473279,2.5910687
sci.med,-2.4518685,3.364608,-1.0174419
talk.politics.mideast,-4.993785,1.2970556,1.5827641
rec.autos,-7.539635,14.654363,0.7616001
sci.med,0.18616514,-4.191019,4.4459753
sci.med,-1.0044681,10.973903,-1.1100259
comp.graphics,1.7049986,-9.650602,-1.9715887
talk.politics.mideast,-5.9985433,-3.8032851,4.9676933
talk.politics.mideast,-1.2247115,12.1075325,-1.1937551
talk.politics.mideast,-6.3779006,6.5775523,1.0093876
comp.graphics,3.6891057,-9.207339,2.0392582
rec.sport.baseball,5.3944182,-1.3185761,1.4398386
rec.sport.baseball,5.4686913,1.7220243,-1.900382
rec.sport.baseball,7.2580266,-2.3497536,1.5479708
sci.med,-0.8014602,3.5095851,3.5849838
comp.graphics,-5.868088,12.127281,-0.30590355
comp.graphics,1.2736958,-11.46328,-2.2861009
rec.autos,0.57456666,10.6822815,-0.70211524
sci.med,1.6411216,-5.6451783,6.1753745
rec.sport.baseball,7.185044,-5.5402203,1.9271564
rec.autos,0.83255273,10.347882,-2.345435
sci.med,-0.5475533,6.9290624,0.7124652
talk.politics.mideast,-7.153226,-2.4090903,3.4663277
sci.med,-1.8116115,-2.7113504,6.3217244
talk.politics.mideast,-5.5583086,-0.19147812,2.1860769
comp.graphics,1.5227402,6.819933,-6.7154655
rec.sport.baseball,-0.6867872,-8.30925,0.18369363
sci.med,-0.39700451,5.027576,2.7087312
sci.med,-2.528368,2.318772,5.173223
talk.politics.mideast,-9.577706,-0.70654184,2.599552
rec.autos,0.35442293,-1.2815151,-3.1421142
talk.politics.mideast,-0.76931804,8.61196,-2.1844702
talk.politics.mideast,-3.8745522,3.1889622,2.4451694
rec.autos,0.4564333,-9.595178,4.6571307
rec.sport.baseball,4.375266,4.543103,-1.9679096
comp.graphics,0.80339247,4.3475194,-6.3585987
sci.med,7.889169,-8.673636,4.3871927
comp.graphics,-0.05561044,-9.92558,-4.3458724
sci.med,-0.11492976,1.2898551,4.014737
rec.sport.baseball,9.22338,-1.4463619,-0.719728
rec.sport.baseball,7.4855456,-6.013549,1.9762036
sci.med,2.112315,1.1809096,6.7195024
sci.med,-0.14091168,0.5926263,5.5826283
rec.sport.baseball,4.2758765,2.2159946,-1.8397207
rec.sport.baseball,8.074422,-0.92439765,-0.97512966
comp.graphics,1.1198535,-11.585135,2.7147021
rec.sport.baseball,7.191086,2.150315,-3.0164518
rec.autos,-0.6616846,-2.6669052,-2.0946794
rec.autos,-4.0430026,-3.43027,-0.13768935
rec.sport.baseball,4.858544,3.2846375,-2.421374
sci.med,0.4784588,1.6887178,6.938408
sci.med,-0.042905334,-9.082412,-0.27541816
sci.med,-1.1625069,8.086648,-2.7911265
talk.politics.mideast,-6.3452005,2.9997203,2.2843854
comp.graphics,-1.4977571,-9.108667,-3.080563
rec.sport.baseball,7.713884,-8.262475,3.9336948
talk.politics.mideast,-2.6930509,8.185313,-0.421279
comp.graphics,-1.0510902,2.2940896,-4.312171
comp.graphics,3.7941341,-12.825118,-0.6778518
rec.autos,0.53489757,-2.239382,-2.2840855
rec.autos,1.7515821,-5.3881054,-0.056250513
talk.politics.mideast,-2.1623251,-0.24401331,0.7744504
rec.sport.baseball,6.856872,-0.08373616,-4.317211
sci.med,2.299728,2.1004133,5.9947276
sci.med,3.081672,-5.095257,7.2275777
sci.med,2.0901916,-0.43491784,4.158839
sci.med,1.6082276,-0.081383914,-1.8359683
rec.autos,0.95683295,-5.1000886,1.7472285
rec.sport.baseball,9.540672,-1.7976586,-0.36426932
rec.autos,-3.0055506,3.0568504,-4.7516246
rec.autos,-1.1257584,-3.878781,-1.0754466
rec.autos,1.4260316,-2.2451186,0.15306777
rec.autos,1.2664298,-0.4719767,-3.610513
comp.graphics,3.186869,-9.447138,-4.2912173
talk.politics.mideast,-7.4501343,0.1042132,3.7780077
sci.med,1.7710347,-5.3763866,6.3337984
comp.graphics,2.4778829,-11.497904,0.97604954
sci.med,2.5896857,-2.4202924,4.2457933
talk.politics.mideast,-4.1572456,5.416297,1.0812404
comp.graphics,0.5816356,0.44373035,-3.6843202
rec.sport.baseball,6.4125376,-2.463553,0.8784444
comp.graphics,7.8980327,-9.771627,6.077893
rec.sport.baseball,7.7843013,-3.918216,1.001935
comp.graphics,0.82833874,-10.806746,-3.1623244
rec.sport.baseball,7.2594337,-8.570661,1.8266275
rec.sport.baseball,3.0430217,1.5285515,-3.6703167
talk.politics.mideast,-4.038684,-0.7133972,3.0195765
sci.med,-1.780901,3.3913345,4.8854833
rec.sport.baseball,0.6206928,7.96734,-0.046687018
comp.graphics,-1.3092285,11.42141,-5.511504
rec.sport.baseball,6.6537876,-2.381354,1.869909
sci.med,1.7290787,1.4387256,2.9071581
rec.sport.baseball,-8.4687,12.329943,0.97742414
rec.sport.baseball,1.0720624,-8.036002,3.4096923
talk.politics.mideast,-3.283854,2.3750474,-4.1882567
sci.med,1.5571584,-1.1782365,7.1179676
rec.autos,-0.8192883,-3.326571,-2.216659
rec.autos,3.243664,-0.8727593,-1.6509261
talk.politics.mideast,-3.8813827,-3.5690322,3.4238932
comp.graphics,3.354919,-10.454785,-0.9384971
rec.sport.baseball,-1.3721281,9.74707,-1.7743394
rec.sport.baseball,-2.0337846,11.41614,2.1229162
rec.sport.baseball,8.289568,-1.058002,1.9809558
rec.autos,1.809508,-8.600365,2.474448
sci.med,-0.47901234,-2.683772,6.7034225
rec.sport.baseball,7.491644,1.0190878,-4.0878696
talk.politics.mideast,-7.423337,13.603907,1.6312681
rec.sport.baseball,7.6902184,1.1266972,-1.4417111
rec.autos,-1.1405042,-1.2785408,-1.4492655
sci.med,1.8651862,0.30590877,3.8414025
talk.politics.mideast,-5.185986,-4.330627,4.374187
rec.sport.baseball,-5.0263495,10.623628,0.6234117
rec.sport.baseball,-1.4012172,1.5877223,2.4204223
rec.sport.baseball,7.387225,1.5027796,2.028713
talk.politics.mideast,-5.4265113,-1.1982971,2.1334662
rec.sport.baseball,5.601478,1.7651658,-1.5498371
comp.graphics,-0.03965835,5.4311986,-7.0124774
rec.sport.baseball,-7.5019794,12.058176,0.61909705
comp.graphics,0.048154604,4.5329547,-6.3771176
sci.med,3.9782395,6.15437,3.3435318
talk.politics.mideast,-2.6012843,7.5347104,0.106637776
comp.graphics,-0.09071702,-10.743791,-3.5091054
sci.med,-3.948649,10.462846,-3.1388044
comp.graphics,2.660416,-10.879388,-2.0882287
talk.politics.mideast,7.1729875,-9.694963,3.2737453
talk.politics.mideast,-7.3634114,9.665636,1.6032376
talk.politics.mideast,-5.850022,-2.1041324,4.3832145
rec.autos,-0.7212471,2.333971,-0.10379805
comp.graphics,0.14293258,5.7480826,-6.0236096
rec.autos,1.0076668,-4.0475116,-0.7971086
rec.sport.baseball,1.2937238,8.245593,-0.038423613
talk.politics.mideast,-7.3219132,14.582522,1.2005165
sci.med,2.2326806,1.5692848,3.776059
rec.sport.baseball,6.774721,1.2818137,-1.4890223
talk.politics.mideast,-6.1473956,2.237557,2.754354
rec.autos,0.45048985,0.36608252,-0.9085355
talk.politics.mideast,-7.039544,-4.274535,2.2051742
talk.politics.mideast,-3.2919047,7.041627,1.7542006
sci.med,-7.3690953,12.768294,-0.23505272
rec.sport.baseball,6.251641,-0.20534629,0.12725522
comp.graphics,0.32239765,7.375811,-3.8074293
talk.politics.mideast,-5.692825,-0.18723948,3.846292
sci.med,-1.7526721,0.9670095,6.2102313
rec.sport.baseball,6.13257,0.6163206,-3.1724205
comp.graphics,-5.315047,1.0713389,-5.359727
rec.autos,1.5000192,-5.9479218,-1.0270052
rec.autos,0.22636957,-1.2526633,0.756355
rec.autos,1.5494719,-3.360628,-0.4693194
rec.sport.baseball,2.7973125,-10.238225,3.0849838
comp.graphics,-1.4855798,-10.671929,-1.6032254
sci.med,-7.3179693,13.482033,0.066591464
talk.politics.mideast,-6.505392,5.1707854,0.4812247
rec.sport.baseball,4.874417,3.3315759,-1.2544444
rec.autos,-0.91533935,10.850099,-0.839489
rec.sport.baseball,8.347417,-6.9646797,2.2408926
talk.politics.mideast,-5.950962,-0.24025938,4.1690273
rec.autos,-4.833339,-2.8452613,-2.8182724
rec.sport.baseball,6.790445,0.73576874,-2.0042152
comp.graphics,-1.9265356,4.4517403,-6.5106316
sci.med,2.9241445,-4.9572763,7.7254667
comp.graphics,1.5345005,-9.0520525,-2.9070919
sci.med,-7.4051585,10.894872,-0.34030786
talk.politics.mideast,-2.030332,11.506358,-0.8227238
comp.graphics,3.2104735,5.7987723,-7.4694033
rec.autos,0.74637866,1.4817327,0.15767568
comp.graphics,-0.13183261,5.8773947,-5.969851
talk.politics.mideast,-4.948058,2.6501393,0.30927905
sci.med,1.2536373,1.2946062,3.8662438
comp.graphics,-3.3337047,0.22991918,-3.5872931
comp.graphics,-6.098992,10.807413,-0.714275
comp.graphics,0.5155031,-10.786575,-3.0711102
rec.sport.baseball,1.9381765,-8.890738,2.7319872
rec.autos,1.7231724,5.845869,-1.6053365
sci.med,2.7987363,-2.9536824,5.3652916
talk.politics.mideast,-9.808356,-1.4770662,1.6991687
rec.sport.baseball,6.0411777,-0.25532013,-3.8201687
rec.autos,-0.41114274,10.834355,-1.2376499
talk.politics.mideast,-7.114122,8.66513,1.49435
sci.med,-1.3922658,-2.7902284,6.860144
sci.med,-1.0587713,5.6516075,-1.7038116
rec.autos,6.4654775,-7.5023103,0.22087799
comp.graphics,2.586316,-9.529126,-2.4989634
rec.sport.baseball,-7.601498,12.688102,0.99437493
rec.sport.baseball,-1.5438607,6.5606894,-1.6498922
rec.sport.baseball,4.801901,-1.2383916,-0.78040844
sci.med,-4.986226,1.3484097,-2.88044
rec.autos,-0.6964939,7.8243804,-2.10209
sci.med,-0.57471395,10.329963,0.001177944
comp.graphics,0.96013695,3.1224277,-6.9543934
rec.sport.baseball,6.9241433,-2.9522367,0.57410777
talk.politics.mideast,-4.490927,3.4608176,0.61685
comp.graphics,2.1148093,-9.377957,-0.8777974
talk.politics.mideast,-4.0057554,8.18115,-0.33081353
talk.politics.mideast,-6.404532,2.4311635,0.43336615
sci.med,-1.6755191,-4.595716,5.019146
rec.autos,0.27037412,-2.13642,-2.4093316
comp.graphics,-0.86961764,4.631002,-4.751849
comp.graphics,2.8428884,-10.871635,-2.8092127
rec.sport.baseball,5.8883257,0.38245988,-0.60681427
sci.med,-2.285278,2.1722922,5.325173
rec.sport.baseball,6.674495,-4.2484655,-0.9952014
rec.sport.baseball,-3.3448966,3.7427568,-3.6900434
rec.sport.baseball,5.4573956,3.0401878,-1.9444481
sci.med,0.7057982,1.280596,3.6690135
rec.sport.baseball,9.3568325,-4.1610208,0.12885366
talk.politics.mideast,-9.2128105,-1.0978227,1.9112841
comp.graphics,1.1121303,-11.580842,1.2164147
talk.politics.mideast,6.3337317,-8.521096,4.4002404
sci.med,-1.4391677,-0.7633995,4.7811027
rec.autos,0.58392483,7.1391935,-2.3128831
comp.graphics,3.3161705,-12.048807,-1.477811
rec.autos,-0.66179454,10.927897,-1.3632305
comp.graphics,-1.7573063,-7.236873,-1.8063239
rec.sport.baseball,6.7388186,-5.753262,1.5916237
sci.med,4.8198533,-11.056534,1.2892429
talk.politics.mideast,-9.470424,-0.7241243,3.0087287
rec.sport.baseball,4.543936,1.3594064,-4.375895
sci.med,1.8902453,1.0802459,2.0402565
rec.autos,0.6509264,-5.5056405,1.6864154
comp.graphics,-0.9272625,-11.849977,-0.4514707
rec.autos,-0.6766049,-1.0940644,-1.5483751
sci.med,0.4977926,4.1172853,2.5848658
sci.med,-7.780205,10.641279,-0.13946185
rec.sport.baseball,5.4423256,-3.419972,0.1860312
sci.med,1.2307608,3.318348,6.83552
rec.autos,2.7688699,-7.669293,0.8598087
talk.politics.mideast,-3.5101883,5.30607,0.12190505
rec.autos,1.0973467,-5.568631,0.3758042
rec.sport.baseball,6.401982,0.25676945,0.25457639
comp.graphics,2.4827206,-8.203642,2.296446
sci.med,-0.74995697,2.0105002,2.8739727
sci.med,-0.8311887,3.9515634,2.6044917
rec.autos,-2.8016167,-0.4264889,-4.8311696
comp.graphics,-0.82101905,-10.682926,-5.115088
rec.autos,6.007616,-7.946623,5.3998947
rec.sport.baseball,7.4834704,-4.4948645,2.4872832
comp.graphics,0.47813308,4.156375,-5.5532026
comp.graphics,-8.086915,12.41957,0.13570398
rec.autos,1.2726746,6.3962154,-0.29667813
comp.graphics,1.3655989,-10.677759,-1.2752517
rec.autos,1.8778669,-4.3105974,0.71569395
comp.graphics,-1.3743187,13.044249,-0.5359872
rec.sport.baseball,8.378098,2.3485444,-2.0634458
comp.graphics,0.036752257,-10.593978,-4.8234496
rec.autos,4.1787214,-5.3657393,-1.3653542
rec.autos,-3.3557093,-3.3955321,-0.25662878
talk.politics.mideast,-7.8143373,0.109009385,2.4752429
comp.graphics,1.0323395,4.9018474,-5.3981795
rec.autos,-0.030748729,-2.4325435,-1.3392414
rec.sport.baseball,-0.7967139,10.15192,-0.7185065
comp.graphics,-0.89053917,-10.46945,-0.04002543
rec.sport.baseball,9.204249,-4.749244,0.32860467
rec.autos,-4.011419,5.5274534,-5.1351514
comp.graphics,1.9577487,-9.348289,3.0733404
rec.autos,-0.23094289,-6.1105027,-0.26902965
rec.autos,1.9449391,-4.537253,1.1754218
rec.autos,2.5933332,-5.4603906,0.50732344
rec.autos,-0.41267407,-2.2872682,-3.6598177
comp.graphics,2.0770278,-10.816413,-4.600197
talk.politics.mideast,-4.002195,2.651956,-4.182735
sci.med,2.5916321,-2.5620394,6.8579254
rec.autos,2.689872,-4.1290607,0.50156504
rec.sport.baseball,2.513163,-10.633575,3.1883216
comp.graphics,-6.7038608,13.804694,0.6511454
rec.autos,-1.8850889,-2.016961,-1.0694016
rec.autos,0.56371987,-2.3367703,-1.4475601
comp.graphics,-0.051041823,-9.174612,1.9496348
talk.politics.mideast,-6.492866,6.3990583,0.9882295
comp.graphics,2.4534805,-8.815877,-5.1120787
talk.politics.mideast,-5.3253927,-3.639934,3.9719057
talk.politics.mideast,-5.9922905,-3.621634,1.3101887
sci.med,2.8805165,-3.8590174,5.408843
rec.sport.baseball,6.251515,-0.3872571,-0.10934239
rec.autos,-2.235375,8.896103,-1.3035245
sci.med,-6.8219123,12.972593,0.032176748
sci.med,-1.0093131,0.16096939,-0.5237414
rec.sport.baseball,-5.446743,11.654461,-0.10080593
sci.med,-2.8392537,0.7115491,5.9258566
talk.politics.mideast,-5.1448116,12.275707,-4.068762
talk.politics.mideast,-4.035746,-4.355713,5.260307
sci.med,-0.7056006,0.12228873,3.748803
rec.sport.baseball,4.6936674,-2.027374,-4.3970723
comp.graphics,-1.5932522,-12.575722,-1.443381
talk.politics.mideast,-4.707141,2.7686186,2.4010572
comp.graphics,0.97730905,3.637981,-5.0049534
rec.autos,0.09172393,3.3366957,-0.78656876
talk.politics.mideast,1.6684924,-10.642016,3.668056
comp.graphics,-0.29405293,3.243833,-6.9247503
comp.graphics,0.45026237,-10.64354,-0.86363786
talk.politics.mideast,-5.8973527,3.2206059,0.28618997
sci.med,0.12033611,3.071538,2.1702507
rec.sport.baseball,5.638447,4.4436855,-1.7527224
comp.graphics,-1.7363737,-11.516938,-2.001518
sci.med,2.241026,-0.72655135,4.6095777
sci.med,-1.6156799,5.266171,2.5398183
sci.med,1.8577856,0.29395327,-5.3016553
sci.med,1.7741454,-0.23492545,5.726867
rec.sport.baseball,8.384753,-4.63051,0.7218027
rec.sport.baseball,9.697687,-1.8684411,-0.46398786
rec.autos,4.529974,-6.8128753,2.5186012
sci.med,1.8618866,-6.9463162,6.8412414
comp.graphics,-3.385567,-5.8900423,3.279417
sci.med,2.0268376,-4.184358,7.740676
comp.graphics,-8.036346,14.737062,0.7289242
sci.med,-0.05359969,-7.9970293,4.3908906
talk.politics.mideast,-1.9697003,7.1835203,-0.6023669
talk.politics.mideast,-4.603836,3.430085,-3.1670556
rec.sport.baseball,5.510137,-1.2901102,1.6406507
rec.sport.baseball,6.1117396,-0.9417744,-0.059037533
rec.sport.baseball,5.9988246,3.880667,-0.5320998
sci.med,-7.191503,13.095434,-0.20316623
talk.politics.mideast,-2.6789343,6.6720777,0.61671007
talk.politics.mideast,-6.628888,7.81567,0.6216727
comp.graphics,4.79186,-9.040322,5.464401
comp.graphics,2.4224467,-8.993348,-5.0399213
comp.graphics,1.2145588,-11.46619,-2.958714
comp.graphics,-1.5473838,-12.836032,-1.6341019
rec.sport.baseball,8.264015,-5.5013866,2.1815708
comp.graphics,1.059043,-11.5607195,0.15475774
sci.med,0.99734676,5.803139,3.118766
comp.graphics,0.08744328,3.4191332,-6.112688
comp.graphics,-0.9685633,5.5627623,-6.2524447
rec.sport.baseball,7.772375,-0.8151115,1.7955236
rec.sport.baseball,-2.924167,3.21009,-4.6670494
comp.graphics,0.53616494,6.9614167,-5.55795
comp.graphics,2.649346,-8.90513,-5.144708
sci.med,-1.1985054,6.4929667,1.7259059
sci.med,-2.4991386,0.6654432,-5.6409974
sci.med,1.6828433,-3.3327456,5.262907
sci.med,-1.5939574,-3.8890731,6.6638374
sci.med,-7.7338367,12.894536,0.3953168
rec.autos,-0.85699403,3.8260102,1.8263115
rec.autos,1.233343,7.8710566,-4.282192
comp.graphics,2.9738994,5.53689,-7.1926975
rec.sport.baseball,5.725801,3.8737998,-0.17893559
sci.med,-2.3083508,-2.5500207,6.4946074
rec.sport.baseball,6.3309517,-6.3167286,0.5671398
comp.graphics,0.0036608502,-12.32698,-1.1310196
rec.autos,-0.20054142,0.23362283,-5.835695
talk.politics.mideast,6.9132323,-9.35979,4.4352765
comp.graphics,0.7110728,5.588177,-7.3028154
rec.autos,-0.41994214,-3.1114132,0.8658261
rec.sport.baseball,3.9945927,5.8409514,3.2819262
rec.autos,-1.2725255,-2.132897,-3.48717
rec.autos,0.57882184,5.5275393,-0.36965367
sci.med,1.194365,1.2046424,-1.9296306
talk.politics.mideast,1.3643255,1.4729346,-3.1132648
sci.med,-1.6219739,3.0786932,2.7417204
rec.sport.baseball,4.987164,3.6969779,-1.3735157
sci.med,2.566213,-6.1451445,7.643056
rec.autos,-8.416701,13.017617,0.43645588
sci.med,-0.44159758,2.2888985,3.8648767
sci.med,0.42021415,5.9818997,2.6705935
comp.graphics,1.1583614,-9.885387,1.8103625
talk.politics.mideast,-6.146373,1.1365615,4.7044034
rec.autos,0.56034505,8.224888,-2.9941578
rec.sport.baseball,-5.1695557,12.261599,0.8018717
comp.graphics,4.7810073,-11.394983,0.25602633
rec.sport.baseball,7.789068,0.9595097,1.8521413
talk.politics.mideast,-4.1849456,-0.82560736,2.887426
talk.politics.mideast,-7.759038,-1.1554729,3.5704172
comp.graphics,-0.039306186,-11.364071,1.9915643
sci.med,2.298853,-5.03232,8.349904
comp.graphics,-2.3172143,5.24597,-6.0096483
rec.sport.baseball,-2.858784,12.872942,0.9120471
talk.politics.mideast,-6.484565,1.5243386,2.300196
sci.med,2.0926905,-3.1886148,5.5781565
comp.graphics,0.9480054,3.6795719,-4.855513
rec.autos,2.3043027,3.1596546,-0.16963768
rec.autos,-0.8779962,2.4764943,0.20291868
rec.sport.baseball,6.250847,-1.7359185,-1.1842219
rec.autos,4.4939055,-9.838553,3.2335377
sci.med,0.8911045,-1.9027175,6.20617
talk.politics.mideast,-0.6688292,3.5917647,0.6507347
talk.politics.mideast,-6.486085,1.0063007,3.1360161
rec.sport.baseball,0.4988996,-13.41321,1.9948907
comp.graphics,3.7319129,-12.863559,-0.6343694
comp.graphics,-0.2477527,1.8152289,-6.2276797
talk.politics.mideast,-6.647151,1.0753852,2.2971501
talk.politics.mideast,-3.5450885,-5.4665236,3.5162299
talk.politics.mideast,-7.3313465,-4.1303844,1.6783985
rec.autos,0.19572459,2.8781605,0.0128684435
sci.med,2.5796049,-6.9269037,6.155957
rec.sport.baseball,7.7072,-6.8394723,1.7136335
sci.med,1.1766421,-0.25974128,5.545339
rec.autos,1.8358883,-8.824142,0.86931753
rec.autos,4.901936,-7.1656084,1.5006272
rec.sport.baseball,6.645646,-5.8690104,0.8884405
comp.graphics,3.4477239,-9.640217,-4.002182
comp.graphics,0.52376467,-14.45086,0.035578355
rec.autos,-0.87140125,-3.3142676,-4.1975007
rec.sport.baseball,-1.2772554,11.132915,-1.7590011
rec.autos,0.4887788,-2.541854,-2.2491581
rec.autos,4.1961627,-6.5368085,-1.3409333
sci.med,2.1463697,1.5248202,3.7986672
talk.politics.mideast,-6.5047774,-0.15322325,4.647906
comp.graphics,-0.3778517,-9.083562,-2.720235
comp.graphics,1.7737106,-9.178738,-1.2259873
talk.politics.mideast,-7.53047,2.9815722,0.93913615
talk.politics.mideast,-3.9463048,4.453785,2.8317385
rec.autos,0.5277849,6.4371467,-2.2601793
talk.politics.mideast,-7.490288,1.454037,1.9487169
comp.graphics,-1.2161162,3.8679366,-6.302281
comp.graphics,1.4240615,-10.17613,-1.8655324
rec.autos,1.6669291,-7.74446,1.2315941
rec.sport.baseball,0.4690161,7.6554976,0.15258847
talk.politics.mideast,-9.094424,0.477047,0.84508765
talk.politics.mideast,-7.2777867,3.3562396,0.51972866
rec.autos,-0.22208202,-3.7815871,-1.2570215
comp.graphics,3.1098697,-11.407852,-0.67531
sci.med,1.29447,5.494437,3.6076534
sci.med,0.49978784,1.4422089,3.2467675
rec.sport.baseball,4.7966127,3.1412706,-3.2536047
rec.sport.baseball,6.7976537,1.4855264,0.38569254
sci.med,0.5227771,1.4339746,5.195923
rec.sport.baseball,6.3169312,2.5575202,-0.81617475
talk.politics.mideast,-3.7711477,11.020614,-0.31526923
rec.sport.baseball,5.2291374,1.3772027,-4.8949966
comp.graphics,-0.48126918,-9.365038,-1.944589
talk.politics.mideast,-7.270624,2.7821462,3.9763563
rec.sport.baseball,3.1849587,4.086923,-8.254748
comp.graphics,-0.12321985,-10.257399,0.389372
talk.politics.mideast,-4.054985,-1.6664796,4.9662056
rec.autos,6.935063,-6.8694553,4.2958975
sci.med,2.221684,0.596118,5.3589215
sci.med,-0.68345326,2.8534806,4.387784
comp.graphics,1.6094542,-13.802619,-0.9724134
rec.sport.baseball,-3.0516613,12.811189,1.0521896
rec.sport.baseball,6.3431,1.8544178,-1.5141549
comp.graphics,1.6807104,-10.917026,0.11898552
rec.autos,0.1514531,-2.2363374,-4.011167
rec.sport.baseball,5.789417,0.21462445,-1.035865
talk.politics.mideast,-9.729749,-1.2186896,1.8134439
talk.politics.mideast,-2.8283672,6.341012,1.9974402
comp.graphics,3.9500015,-12.772779,-0.71932787
rec.sport.baseball,6.735809,1.0698291,-1.7058359
talk.politics.mideast,-2.2254262,8.217913,0.105353124
rec.autos,-4.6693473,-2.9734786,0.1886247
rec.autos,-2.00501,-12.157839,1.1369021
talk.politics.mideast,-2.08538,6.4720316,-0.999148
sci.med,1.180799,-3.1992185,5.2108455
comp.graphics,2.6741762,-9.016582,-4.9647117
comp.graphics,4.806036,-11.158352,0.4675251
sci.med,-7.7162724,11.762746,0.11776931
rec.sport.baseball,6.968221,-7.026139,2.5867841
talk.politics.mideast,-4.343562,-4.865967,3.7899716
rec.autos,-3.249058,-7.8733673,0.67867583
comp.graphics,0.9782804,-12.357163,-3.4210386
talk.politics.mideast,-6.7068024,1.8057228,1.7466776
rec.autos,1.6666324,-0.79340166,0.72106147
rec.autos,1.2841873,-6.172608,-2.4015641
rec.autos,4.194636,-6.2053213,-1.7883157
talk.politics.mideast,-3.4821522,2.7534363,-4.9670863
rec.autos,-0.18022838,-3.9500668,-0.57853866
sci.med,-0.035645694,-0.69319916,7.322242
rec.autos,-0.042935915,2.9967606,0.26707783
sci.med,-4.3842416,1.7495579,-3.0423226
sci.med,1.8835571,0.5869676,4.999316
comp.graphics,0.6542992,-9.3008175,-0.3988612
talk.politics.mideast,-5.6699257,2.0371726,4.498953
comp.graphics,-1.0012958,-10.943605,-1.0120087
rec.sport.baseball,6.6598525,-0.5917488,0.9518319
comp.graphics,0.3782397,-11.033989,-0.81519824
talk.politics.mideast,-4.832753,-2.3037922,5.0278454
rec.autos,-7.341852,3.4177914,-3.4593678
rec.sport.baseball,6.621551,-0.79249924,-0.36586916
rec.sport.baseball,8.211673,-3.8114135,1.4374361
talk.politics.mideast,-5.546857,1.9901769,0.5223806
rec.autos,-5.0164638,-3.0834432,-3.096595
rec.autos,0.73333055,-2.0788858,-2.2655566
sci.med,1.4282073,0.48992932,-4.983444
rec.autos,-1.5148574,-3.1866975,-3.9778762
rec.sport.baseball,7.4104896,0.57958573,0.17999378
talk.politics.mideast,-6.980041,-1.356191,6.028658
rec.autos,1.71402,-5.8077426,0.43927082
sci.med,-3.8205419,0.99872524,-3.969714
sci.med,-0.22602549,4.5376225,3.4093525
comp.graphics,-2.74094,-10.6035185,-2.8731825
talk.politics.mideast,-7.78817,3.474377,2.5099075
rec.autos,0.4052042,6.875904,-1.5600481
rec.autos,-1.2323138,11.229027,-5.407787
comp.graphics,2.4979682,-11.7707615,-3.0723739
talk.politics.mideast,-7.210242,-2.261853,3.4570303
rec.autos,-0.63937736,4.6628203,1.6763475
sci.med,0.39759195,-3.5635805,4.9287915
comp.graphics,1.8126992,-14.373267,-0.5094365
talk.politics.mideast,-1.9196999,8.374963,0.58166295
comp.graphics,0.8518983,-12.515819,-0.84859574
talk.politics.mideast,-7.6309214,1.995705,0.051718984
talk.politics.mideast,-2.1615446,8.756925,-0.71242297
sci.med,1.4721863,-5.744824,7.6538014
rec.autos,1.1304396,-2.9434276,-1.1257033
talk.politics.mideast,-4.378529,0.25299257,3.3241642
sci.med,-6.537736,8.300083,-0.0063750846
comp.graphics,0.35696855,8.938161,-2.44916
rec.sport.baseball,8.329787,-0.761643,-1.0568022
rec.autos,-0.7074961,9.815614,-1.6245689
comp.graphics,-2.0366015,-10.29888,-4.2548466
sci.med,0.97978204,1.393795,6.327642
rec.autos,1.2383448,9.049212,-1.7370605
comp.graphics,-6.8557253,14.875723,0.61659265
comp.graphics,1.9487635,-8.826457,-4.9484572
rec.autos,0.4795992,-2.4732223,-1.9911073
rec.autos,0.60250735,9.920363,-1.4957831
talk.politics.mideast,-6.148159,1.1849861,3.375683
rec.autos,0.055896107,-2.8782682,-2.9700437
comp.graphics,-2.2858937,7.074641,-4.944512
rec.autos,0.3766649,0.37513277,-1.1084981
comp.graphics,0.39701414,5.136201,-5.835219
sci.med,-1.9120333,-4.2309585,1.8359337
comp.graphics,0.7960581,-12.925553,-1.0500196
sci.med,0.25242302,-3.5553162,3.4344003
rec.sport.baseball,-3.661846,-2.1303325,-2.5611136
talk.politics.mideast,-6.839804,7.9978123,0.74748856
sci.med,-8.1346035,8.622028,-0.28333136
talk.politics.mideast,-2.4352276,6.915862,1.0913373
talk.politics.mideast,-3.299631,2.8801537,5.156613
rec.autos,-1.096761,-2.8986747,-2.1322286
rec.sport.baseball,4.3467894,3.7404692,-1.0100774
rec.autos,1.6563706,5.685797,-1.6232996
comp.graphics,0.23998396,-11.59637,-1.5697067
rec.autos,-0.6732161,3.9474661,-2.2147272
rec.autos,1.6500129,1.7349374,1.0808418
rec.sport.baseball,-5.116406,1.288312,-5.15687
talk.politics.mideast,-2.0848036,9.361519,0.25438488
talk.politics.mideast,-5.8990493,-0.3156959,2.4748902
sci.med,1.6517056,1.0329194,6.0793815
comp.graphics,3.6781173,4.8028207,-7.748458
